0.100000	5.41086e-11
0.101380	5.4955e-11
0.102761	5.58058e-11
0.104141	5.66628e-11
0.105521	5.75246e-11
0.106901	5.83929e-11
0.108282	5.92666e-11
0.109662	6.01457e-11
0.111042	6.10311e-11
0.112422	6.19224e-11
0.113803	6.2819e-11
0.115183	6.37229e-11
0.116563	6.4631e-11
0.117944	6.55464e-11
0.119324	6.6469e-11
0.120704	6.73971e-11
0.122084	6.83308e-11
0.123465	6.92713e-11
0.124845	7.02184e-11
0.126225	7.11734e-11
0.127606	7.21341e-11
0.128986	7.31019e-11
0.130366	7.40754e-11
0.131746	7.50576e-11
0.133127	7.60446e-11
0.134507	7.70402e-11
0.135887	7.80428e-11
0.137267	7.90519e-11
0.138648	8.00693e-11
0.140028	8.10929e-11
0.141408	8.21251e-11
0.142789	8.31627e-11
0.144169	8.42109e-11
0.145549	8.52648e-11
0.146929	8.63265e-11
0.148310	8.7395e-11
0.149690	8.84731e-11
0.151070	8.95579e-11
0.152450	9.06513e-11
0.153831	9.17522e-11
0.155211	9.28604e-11
0.156591	9.39788e-11
0.157972	9.51045e-11
0.159352	9.62379e-11
0.160732	9.73807e-11
0.162112	9.85304e-11
0.163493	9.96902e-11
0.164873	1.00858e-10
0.166253	1.02034e-10
0.167634	1.03219e-10
0.169014	1.04412e-10
0.170394	1.05615e-10
0.171774	1.06827e-10
0.173155	1.08048e-10
0.174535	1.09278e-10
0.175915	1.10517e-10
0.177295	1.11765e-10
0.178676	1.13022e-10
0.180056	1.14289e-10
0.181436	1.15566e-10
0.182817	1.16851e-10
0.184197	1.18147e-10
0.185577	1.19452e-10
0.186957	1.20767e-10
0.188338	1.22091e-10
0.189718	1.23426e-10
0.191098	1.24771e-10
0.192478	1.26125e-10
0.193859	1.2749e-10
0.195239	1.28865e-10
0.196619	1.30251e-10
0.198000	1.31647e-10
0.199380	1.33052e-10
0.200760	1.34469e-10
0.202140	1.35896e-10
0.203521	1.37334e-10
0.204901	1.38784e-10
0.206281	1.40244e-10
0.207662	1.41715e-10
0.209042	1.43195e-10
0.210422	1.44689e-10
0.211802	1.46192e-10
0.213183	1.47708e-10
0.214563	1.49235e-10
0.215943	1.50772e-10
0.217323	1.52323e-10
0.218704	1.53884e-10
0.220084	1.55457e-10
0.221464	1.57042e-10
0.222845	1.58639e-10
0.224225	1.60246e-10
0.225605	1.61868e-10
0.226985	1.63501e-10
0.228366	1.65146e-10
0.229746	1.66803e-10
0.231126	1.68473e-10
0.232507	1.70156e-10
0.233887	1.71852e-10
0.235267	1.73559e-10
0.236647	1.7528e-10
0.238028	1.77014e-10
0.239408	1.7876e-10
0.240788	1.8052e-10
0.242168	1.82294e-10
0.243549	1.84079e-10
0.244929	1.85879e-10
0.246309	1.87692e-10
0.247690	1.89519e-10
0.249070	1.9136e-10
0.250450	1.93213e-10
0.251830	1.95081e-10
0.253211	1.96964e-10
0.254591	1.9886e-10
0.255971	2.0077e-10
0.257351	2.02695e-10
0.258732	2.04634e-10
0.260112	2.06587e-10
0.261492	2.08555e-10
0.262873	2.10539e-10
0.264253	2.12537e-10
0.265633	2.14549e-10
0.267013	2.16576e-10
0.268394	2.18619e-10
0.269774	2.20678e-10
0.271154	2.22752e-10
0.272535	2.2484e-10
0.273915	2.26946e-10
0.275295	2.29066e-10
0.276675	2.31202e-10
0.278056	2.33354e-10
0.279436	2.35523e-10
0.280816	2.37707e-10
0.282196	2.39908e-10
0.283577	2.42125e-10
0.284957	2.44358e-10
0.286337	2.46609e-10
0.287718	2.48876e-10
0.289098	2.5116e-10
0.290478	2.53461e-10
0.291858	2.55779e-10
0.293239	2.58115e-10
0.294619	2.60468e-10
0.295999	2.62838e-10
0.297379	2.65227e-10
0.298760	2.67632e-10
0.300140	2.70056e-10
0.301520	2.72497e-10
0.302901	2.74958e-10
0.304281	2.77435e-10
0.305661	2.79932e-10
0.307041	2.82447e-10
0.308422	2.84981e-10
0.309802	2.87533e-10
0.311182	2.90104e-10
0.312563	2.92696e-10
0.313943	2.95306e-10
0.315323	2.97936e-10
0.316703	3.00584e-10
0.318084	3.03253e-10
0.319464	3.05941e-10
0.320844	3.08649e-10
0.322224	3.11377e-10
0.323605	3.14125e-10
0.324985	3.16895e-10
0.326365	3.19684e-10
0.327746	3.22494e-10
0.329126	3.25326e-10
0.330506	3.28177e-10
0.331886	3.3105e-10
0.333267	3.33945e-10
0.334647	3.3686e-10
0.336027	3.39797e-10
0.337407	3.42755e-10
0.338788	3.45736e-10
0.340168	3.48739e-10
0.341548	3.51765e-10
0.342929	3.54812e-10
0.344309	3.57882e-10
0.345689	3.60974e-10
0.347069	3.6409e-10
0.348450	3.67228e-10
0.349830	3.7039e-10
0.351210	3.73575e-10
0.352591	3.76783e-10
0.353971	3.80015e-10
0.355351	3.83271e-10
0.356731	3.86551e-10
0.358112	3.89854e-10
0.359492	3.93183e-10
0.360872	3.96536e-10
0.362252	3.99914e-10
0.363633	4.03316e-10
0.365013	4.06744e-10
0.366393	4.10197e-10
0.367774	4.13674e-10
0.369154	4.17179e-10
0.370534	4.20708e-10
0.371914	4.24263e-10
0.373295	4.27845e-10
0.374675	4.31454e-10
0.376055	4.35088e-10
0.377435	4.38749e-10
0.378816	4.42438e-10
0.380196	4.46152e-10
0.381576	4.49895e-10
0.382957	4.53665e-10
0.384337	4.57462e-10
0.385717	4.61288e-10
0.387097	4.65142e-10
0.388478	4.69023e-10
0.389858	4.72934e-10
0.391238	4.76874e-10
0.392619	4.80841e-10
0.393999	4.84839e-10
0.395379	4.88865e-10
0.396759	4.9292e-10
0.398140	4.97006e-10
0.399520	5.01121e-10
0.400900	5.05267e-10
0.402280	5.09443e-10
0.403661	5.1365e-10
0.405041	5.17888e-10
0.406421	5.22157e-10
0.407802	5.26455e-10
0.409182	5.30786e-10
0.410562	5.35149e-10
0.411942	5.39544e-10
0.413323	5.43971e-10
0.414703	5.4843e-10
0.416083	5.52921e-10
0.417463	5.57447e-10
0.418844	5.62004e-10
0.420224	5.66595e-10
0.421604	5.7122e-10
0.422985	5.75877e-10
0.424365	5.8057e-10
0.425745	5.85298e-10
0.427125	5.90058e-10
0.428506	5.94854e-10
0.429886	5.99685e-10
0.431266	6.04552e-10
0.432647	6.09452e-10
0.434027	6.1439e-10
0.435407	6.19363e-10
0.436787	6.24373e-10
0.438168	6.29419e-10
0.439548	6.34503e-10
0.440928	6.39623e-10
0.442308	6.4478e-10
0.443689	6.49975e-10
0.445069	6.55207e-10
0.446449	6.60478e-10
0.447830	6.65787e-10
0.449210	6.71134e-10
0.450590	6.76522e-10
0.451970	6.81948e-10
0.453351	6.87413e-10
0.454731	6.92919e-10
0.456111	6.98464e-10
0.457491	7.0405e-10
0.458872	7.09677e-10
0.460252	7.15343e-10
0.461632	7.21052e-10
0.463013	7.26801e-10
0.464393	7.32593e-10
0.465773	7.38427e-10
0.467153	7.44304e-10
0.468534	7.50223e-10
0.469914	7.56185e-10
0.471294	7.6219e-10
0.472675	7.68238e-10
0.474055	7.74332e-10
0.475435	7.80469e-10
0.476815	7.86651e-10
0.478196	7.92877e-10
0.479576	7.99149e-10
0.480956	8.05466e-10
0.482336	8.11829e-10
0.483717	8.18239e-10
0.485097	8.24694e-10
0.486477	8.31197e-10
0.487858	8.37747e-10
0.489238	8.44344e-10
0.490618	8.50989e-10
0.491998	8.57682e-10
0.493379	8.64423e-10
0.494759	8.71215e-10
0.496139	8.78055e-10
0.497520	8.84944e-10
0.498900	8.91884e-10
0.500280	8.98873e-10
0.501660	9.05913e-10
0.503041	9.13005e-10
0.504421	9.20147e-10
0.505801	9.27342e-10
0.507181	9.34588e-10
0.508562	9.41887e-10
0.509942	9.4924e-10
0.511322	9.56646e-10
0.512703	9.64104e-10
0.514083	9.71617e-10
0.515463	9.79183e-10
0.516843	9.86805e-10
0.518224	9.94482e-10
0.519604	1.00221e-09
0.520984	1.01e-09
0.522364	1.01785e-09
0.523745	1.02575e-09
0.525125	1.03371e-09
0.526505	1.04172e-09
0.527886	1.0498e-09
0.529266	1.05793e-09
0.530646	1.06612e-09
0.532026	1.07437e-09
0.533407	1.08268e-09
0.534787	1.09105e-09
0.536167	1.09948e-09
0.537548	1.10798e-09
0.538928	1.11653e-09
0.540308	1.12515e-09
0.541688	1.13382e-09
0.543069	1.14256e-09
0.544449	1.15137e-09
0.545829	1.16023e-09
0.547209	1.16916e-09
0.548590	1.17816e-09
0.549970	1.18722e-09
0.551350	1.19634e-09
0.552731	1.20553e-09
0.554111	1.21479e-09
0.555491	1.22412e-09
0.556871	1.23351e-09
0.558252	1.24297e-09
0.559632	1.2525e-09
0.561012	1.26209e-09
0.562392	1.27176e-09
0.563773	1.2815e-09
0.565153	1.2913e-09
0.566533	1.30118e-09
0.567914	1.31113e-09
0.569294	1.32115e-09
0.570674	1.33124e-09
0.572054	1.3414e-09
0.573435	1.35164e-09
0.574815	1.36195e-09
0.576195	1.37234e-09
0.577576	1.3828e-09
0.578956	1.39334e-09
0.580336	1.40395e-09
0.581716	1.41464e-09
0.583097	1.42541e-09
0.584477	1.43625e-09
0.585857	1.44717e-09
0.587237	1.45817e-09
0.588618	1.46925e-09
0.589998	1.48042e-09
0.591378	1.49166e-09
0.592759	1.50298e-09
0.594139	1.51438e-09
0.595519	1.52587e-09
0.596899	1.53743e-09
0.598280	1.54909e-09
0.599660	1.56082e-09
0.601040	1.57264e-09
0.602420	1.58455e-09
0.603801	1.59654e-09
0.605181	1.60862e-09
0.606561	1.62078e-09
0.607942	1.63303e-09
0.609322	1.64537e-09
0.610702	1.6578e-09
0.612082	1.67032e-09
0.613463	1.68293e-09
0.614843	1.69563e-09
0.616223	1.70842e-09
0.617604	1.72131e-09
0.618984	1.73428e-09
0.620364	1.74735e-09
0.621744	1.76052e-09
0.623125	1.77378e-09
0.624505	1.78713e-09
0.625885	1.80058e-09
0.627265	1.81413e-09
0.628646	1.82777e-09
0.630026	1.84152e-09
0.631406	1.85536e-09
0.632787	1.8693e-09
0.634167	1.88334e-09
0.635547	1.89749e-09
0.636927	1.91173e-09
0.638308	1.92608e-09
0.639688	1.94053e-09
0.641068	1.95508e-09
0.642448	1.96975e-09
0.643829	1.98451e-09
0.645209	1.99938e-09
0.646589	2.01436e-09
0.647970	2.02945e-09
0.649350	2.04464e-09
0.650730	2.05995e-09
0.652110	2.07536e-09
0.653491	2.09089e-09
0.654871	2.10653e-09
0.656251	2.12228e-09
0.657632	2.13814e-09
0.659012	2.15412e-09
0.660392	2.17021e-09
0.661772	2.18642e-09
0.663153	2.20275e-09
0.664533	2.21919e-09
0.665913	2.23575e-09
0.667293	2.25243e-09
0.668674	2.26923e-09
0.670054	2.28615e-09
0.671434	2.3032e-09
0.672815	2.32036e-09
0.674195	2.33765e-09
0.675575	2.35507e-09
0.676955	2.37261e-09
0.678336	2.39027e-09
0.679716	2.40807e-09
0.681096	2.42599e-09
0.682476	2.44404e-09
0.683857	2.46222e-09
0.685237	2.48053e-09
0.686617	2.49897e-09
0.687998	2.51755e-09
0.689378	2.53626e-09
0.690758	2.5551e-09
0.692138	2.57408e-09
0.693519	2.5932e-09
0.694899	2.61246e-09
0.696279	2.63185e-09
0.697660	2.65138e-09
0.699040	2.67105e-09
0.700420	2.69087e-09
0.701800	2.71083e-09
0.703181	2.73093e-09
0.704561	2.75118e-09
0.705941	2.77157e-09
0.707321	2.79211e-09
0.708702	2.81279e-09
0.710082	2.83363e-09
0.711462	2.85462e-09
0.712843	2.87575e-09
0.714223	2.89704e-09
0.715603	2.91849e-09
0.716983	2.94008e-09
0.718364	2.96183e-09
0.719744	2.98374e-09
0.721124	3.00581e-09
0.722505	3.02804e-09
0.723885	3.05042e-09
0.725265	3.07297e-09
0.726645	3.09568e-09
0.728026	3.11856e-09
0.729406	3.14159e-09
0.730786	3.1648e-09
0.732166	3.18817e-09
0.733547	3.21171e-09
0.734927	3.23542e-09
0.736307	3.2593e-09
0.737688	3.28336e-09
0.739068	3.30758e-09
0.740448	3.33198e-09
0.741828	3.35656e-09
0.743209	3.38131e-09
0.744589	3.40625e-09
0.745969	3.43136e-09
0.747349	3.45665e-09
0.748730	3.48213e-09
0.750110	3.50779e-09
0.751490	3.53363e-09
0.752871	3.55966e-09
0.754251	3.58588e-09
0.755631	3.61229e-09
0.757011	3.63888e-09
0.758392	3.66567e-09
0.759772	3.69266e-09
0.761152	3.71983e-09
0.762533	3.74721e-09
0.763913	3.77478e-09
0.765293	3.80255e-09
0.766673	3.83052e-09
0.768054	3.85869e-09
0.769434	3.88707e-09
0.770814	3.91565e-09
0.772194	3.94443e-09
0.773575	3.97343e-09
0.774955	4.00263e-09
0.776335	4.03204e-09
0.777716	4.06167e-09
0.779096	4.09151e-09
0.780476	4.12157e-09
0.781856	4.15184e-09
0.783237	4.18233e-09
0.784617	4.21304e-09
0.785997	4.24397e-09
0.787377	4.27513e-09
0.788758	4.30651e-09
0.790138	4.33812e-09
0.791518	4.36996e-09
0.792899	4.40202e-09
0.794279	4.43432e-09
0.795659	4.46685e-09
0.797039	4.49962e-09
0.798420	4.53262e-09
0.799800	4.56586e-09
0.801180	4.59934e-09
0.802561	4.63307e-09
0.803941	4.66703e-09
0.805321	4.70125e-09
0.806701	4.73571e-09
0.808082	4.77041e-09
0.809462	4.80538e-09
0.810842	4.84059e-09
0.812222	4.87606e-09
0.813603	4.91178e-09
0.814983	4.94776e-09
0.816363	4.984e-09
0.817744	5.02051e-09
0.819124	5.05728e-09
0.820504	5.09431e-09
0.821884	5.13161e-09
0.823265	5.16919e-09
0.824645	5.20703e-09
0.826025	5.24515e-09
0.827405	5.28354e-09
0.828786	5.32221e-09
0.830166	5.36116e-09
0.831546	5.4004e-09
0.832927	5.43991e-09
0.834307	5.47972e-09
0.835687	5.51981e-09
0.837067	5.56019e-09
0.838448	5.60087e-09
0.839828	5.64183e-09
0.841208	5.6831e-09
0.842589	5.72467e-09
0.843969	5.76653e-09
0.845349	5.8087e-09
0.846729	5.85118e-09
0.848110	5.89396e-09
0.849490	5.93705e-09
0.850870	5.98045e-09
0.852250	6.02417e-09
0.853631	6.06821e-09
0.855011	6.11256e-09
0.856391	6.15724e-09
0.857772	6.20224e-09
0.859152	6.24757e-09
0.860532	6.29323e-09
0.861912	6.33921e-09
0.863293	6.38553e-09
0.864673	6.43219e-09
0.866053	6.47919e-09
0.867433	6.52652e-09
0.868814	6.5742e-09
0.870194	6.62223e-09
0.871574	6.6706e-09
0.872955	6.71933e-09
0.874335	6.76841e-09
0.875715	6.81784e-09
0.877095	6.86764e-09
0.878476	6.91779e-09
0.879856	6.96831e-09
0.881236	7.0192e-09
0.882617	7.07046e-09
0.883997	7.12209e-09
0.885377	7.17409e-09
0.886757	7.22647e-09
0.888138	7.27924e-09
0.889518	7.33238e-09
0.890898	7.38592e-09
0.892278	7.43984e-09
0.893659	7.49415e-09
0.895039	7.54886e-09
0.896419	7.60397e-09
0.897800	7.65948e-09
0.899180	7.71539e-09
0.900560	7.77171e-09
0.901940	7.82843e-09
0.903321	7.88557e-09
0.904701	7.94313e-09
0.906081	8.00111e-09
0.907461	8.0595e-09
0.908842	8.11833e-09
0.910222	8.17758e-09
0.911602	8.23726e-09
0.912983	8.29738e-09
0.914363	8.35793e-09
0.915743	8.41893e-09
0.917123	8.48037e-09
0.918504	8.54226e-09
0.919884	8.6046e-09
0.921264	8.66739e-09
0.922645	8.73064e-09
0.924025	8.79435e-09
0.925405	8.85853e-09
0.926785	8.92317e-09
0.928166	8.98829e-09
0.929546	9.05388e-09
0.930926	9.11995e-09
0.932306	9.1865e-09
0.933687	9.25354e-09
0.935067	9.32107e-09
0.936447	9.38909e-09
0.937828	9.4576e-09
0.939208	9.52662e-09
0.940588	9.59614e-09
0.941968	9.66616e-09
0.943349	9.7367e-09
0.944729	9.80776e-09
0.946109	9.87933e-09
0.947489	9.95143e-09
0.948870	1.0024e-08
0.950250	1.00972e-08
0.951630	1.01709e-08
0.953011	1.02451e-08
0.954391	1.03199e-08
0.955771	1.03952e-08
0.957151	1.04711e-08
0.958532	1.05475e-08
0.959912	1.06245e-08
0.961292	1.0702e-08
0.962673	1.07801e-08
0.964053	1.08588e-08
0.965433	1.09381e-08
0.966813	1.10179e-08
0.968194	1.10983e-08
0.969574	1.11793e-08
0.970954	1.12609e-08
0.972334	1.13432e-08
0.973715	1.1426e-08
0.975095	1.15094e-08
0.976475	1.15934e-08
0.977856	1.1678e-08
0.979236	1.17633e-08
0.980616	1.18492e-08
0.981996	1.19357e-08
0.983377	1.20228e-08
0.984757	1.21106e-08
0.986137	1.21991e-08
0.987518	1.22881e-08
0.988898	1.23779e-08
0.990278	1.24683e-08
0.991658	1.25593e-08
0.993039	1.2651e-08
0.994419	1.27434e-08
0.995799	1.28365e-08
0.997179	1.29303e-08
0.998560	1.30247e-08
0.999940	1.31199e-08
1.001320	1.32157e-08
1.002701	1.33123e-08
1.004081	1.34095e-08
1.005461	1.35075e-08
1.006841	1.36062e-08
1.008222	1.37056e-08
1.009602	1.38057e-08
1.010982	1.39066e-08
1.012362	1.40083e-08
1.013743	1.41106e-08
1.015123	1.42138e-08
1.016503	1.43176e-08
1.017884	1.44223e-08
1.019264	1.45277e-08
1.020644	1.46339e-08
1.022024	1.47409e-08
1.023405	1.48487e-08
1.024785	1.49572e-08
1.026165	1.50666e-08
1.027546	1.51768e-08
1.028926	1.52877e-08
1.030306	1.53995e-08
1.031686	1.55122e-08
1.033067	1.56256e-08
1.034447	1.57399e-08
1.035827	1.5855e-08
1.037207	1.5971e-08
1.038588	1.60879e-08
1.039968	1.62056e-08
1.041348	1.63241e-08
1.042729	1.64436e-08
1.044109	1.65639e-08
1.045489	1.66851e-08
1.046869	1.68072e-08
1.048250	1.69302e-08
1.049630	1.70542e-08
1.051010	1.7179e-08
1.052390	1.73048e-08
1.053771	1.74315e-08
1.055151	1.75591e-08
1.056531	1.76877e-08
1.057912	1.78172e-08
1.059292	1.79477e-08
1.060672	1.80791e-08
1.062052	1.82115e-08
1.063433	1.83449e-08
1.064813	1.84793e-08
1.066193	1.86147e-08
1.067574	1.87511e-08
1.068954	1.88885e-08
1.070334	1.90269e-08
1.071714	1.91664e-08
1.073095	1.93068e-08
1.074475	1.94484e-08
1.075855	1.95909e-08
1.077235	1.97345e-08
1.078616	1.98792e-08
1.079996	2.0025e-08
1.081376	2.01718e-08
1.082757	2.03198e-08
1.084137	2.04688e-08
1.085517	2.06189e-08
1.086897	2.07702e-08
1.088278	2.09226e-08
1.089658	2.10761e-08
1.091038	2.12307e-08
1.092418	2.13865e-08
1.093799	2.15435e-08
1.095179	2.17016e-08
1.096559	2.18609e-08
1.097940	2.20214e-08
1.099320	2.21831e-08
1.100700	2.2346e-08
1.102080	2.251e-08
1.103461	2.26754e-08
1.104841	2.28419e-08
1.106221	2.30097e-08
1.107602	2.31787e-08
1.108982	2.3349e-08
1.110362	2.35206e-08
1.111742	2.36934e-08
1.113123	2.38676e-08
1.114503	2.4043e-08
1.115883	2.42197e-08
1.117263	2.43978e-08
1.118644	2.45771e-08
1.120024	2.47579e-08
1.121404	2.49399e-08
1.122785	2.51234e-08
1.124165	2.53082e-08
1.125545	2.54943e-08
1.126925	2.56819e-08
1.128306	2.58709e-08
1.129686	2.60612e-08
1.131066	2.6253e-08
1.132446	2.64463e-08
1.133827	2.6641e-08
1.135207	2.68371e-08
1.136587	2.70347e-08
1.137968	2.72338e-08
1.139348	2.74344e-08
1.140728	2.76364e-08
1.142108	2.784e-08
1.143489	2.80451e-08
1.144869	2.82518e-08
1.146249	2.84599e-08
1.147630	2.86697e-08
1.149010	2.8881e-08
1.150390	2.90939e-08
1.151770	2.93084e-08
1.153151	2.95245e-08
1.154531	2.97423e-08
1.155911	2.99616e-08
1.157291	3.01826e-08
1.158672	3.04053e-08
1.160052	3.06296e-08
1.161432	3.08557e-08
1.162813	3.10834e-08
1.164193	3.13128e-08
1.165573	3.1544e-08
1.166953	3.17769e-08
1.168334	3.20115e-08
1.169714	3.22479e-08
1.171094	3.24861e-08
1.172474	3.27261e-08
1.173855	3.29678e-08
1.175235	3.32114e-08
1.176615	3.34569e-08
1.177996	3.37041e-08
1.179376	3.39533e-08
1.180756	3.42043e-08
1.182136	3.44572e-08
1.183517	3.4712e-08
1.184897	3.49687e-08
1.186277	3.52274e-08
1.187658	3.5488e-08
1.189038	3.57506e-08
1.190418	3.60151e-08
1.191798	3.62817e-08
1.193179	3.65503e-08
1.194559	3.68208e-08
1.195939	3.70935e-08
1.197319	3.73682e-08
1.198700	3.76449e-08
1.200080	3.79238e-08
1.201460	3.82048e-08
1.202841	3.84878e-08
1.204221	3.87731e-08
1.205601	3.90605e-08
1.206981	3.935e-08
1.208362	3.96418e-08
1.209742	3.99357e-08
1.211122	4.02319e-08
1.212503	4.05303e-08
1.213883	4.0831e-08
1.215263	4.11339e-08
1.216643	4.14392e-08
1.218024	4.17467e-08
1.219404	4.20566e-08
1.220784	4.23689e-08
1.222164	4.26835e-08
1.223545	4.30005e-08
1.224925	4.33199e-08
1.226305	4.36417e-08
1.227686	4.3966e-08
1.229066	4.42927e-08
1.230446	4.46219e-08
1.231826	4.49536e-08
1.233207	4.52878e-08
1.234587	4.56246e-08
1.235967	4.59639e-08
1.237347	4.63058e-08
1.238728	4.66503e-08
1.240108	4.69974e-08
1.241488	4.73472e-08
1.242869	4.76996e-08
1.244249	4.80547e-08
1.245629	4.84125e-08
1.247009	4.8773e-08
1.248390	4.91363e-08
1.249770	4.95024e-08
1.251150	4.98712e-08
1.252531	5.02428e-08
1.253911	5.06173e-08
1.255291	5.09946e-08
1.256671	5.13748e-08
1.258052	5.17579e-08
1.259432	5.2144e-08
1.260812	5.2533e-08
1.262192	5.29249e-08
1.263573	5.33198e-08
1.264953	5.37178e-08
1.266333	5.41188e-08
1.267714	5.45229e-08
1.269094	5.493e-08
1.270474	5.53403e-08
1.271854	5.57537e-08
1.273235	5.61702e-08
1.274615	5.659e-08
1.275995	5.70129e-08
1.277375	5.74391e-08
1.278756	5.78686e-08
1.280136	5.83013e-08
1.281516	5.87374e-08
1.282897	5.91768e-08
1.284277	5.96196e-08
1.285657	6.00658e-08
1.287037	6.05154e-08
1.288418	6.09684e-08
1.289798	6.14249e-08
1.291178	6.18849e-08
1.292559	6.23485e-08
1.293939	6.28156e-08
1.295319	6.32863e-08
1.296699	6.37606e-08
1.298080	6.42386e-08
1.299460	6.47202e-08
1.300840	6.52055e-08
1.302220	6.56946e-08
1.303601	6.61874e-08
1.304981	6.6684e-08
1.306361	6.71845e-08
1.307742	6.76888e-08
1.309122	6.8197e-08
1.310502	6.87091e-08
1.311882	6.92251e-08
1.313263	6.97451e-08
1.314643	7.02691e-08
1.316023	7.07972e-08
1.317403	7.13293e-08
1.318784	7.18656e-08
1.320164	7.2406e-08
1.321544	7.29505e-08
1.322925	7.34993e-08
1.324305	7.40523e-08
1.325685	7.46095e-08
1.327065	7.51711e-08
1.328446	7.5737e-08
1.329826	7.63073e-08
1.331206	7.6882e-08
1.332587	7.74611e-08
1.333967	7.80448e-08
1.335347	7.86329e-08
1.336727	7.92256e-08
1.338108	7.98229e-08
1.339488	8.04248e-08
1.340868	8.10314e-08
1.342248	8.16426e-08
1.343629	8.22587e-08
1.345009	8.28795e-08
1.346389	8.35051e-08
1.347770	8.41355e-08
1.349150	8.47709e-08
1.350530	8.54112e-08
1.351910	8.60564e-08
1.353291	8.67067e-08
1.354671	8.7362e-08
1.356051	8.80224e-08
1.357431	8.8688e-08
1.358812	8.93587e-08
1.360192	9.00346e-08
1.361572	9.07158e-08
1.362953	9.14023e-08
1.364333	9.20942e-08
1.365713	9.27914e-08
1.367093	9.34941e-08
1.368474	9.42022e-08
1.369854	9.49159e-08
1.371234	9.56351e-08
1.372615	9.63599e-08
1.373995	9.70904e-08
1.375375	9.78266e-08
1.376755	9.85685e-08
1.378136	9.93162e-08
1.379516	1.0007e-07
1.380896	1.00829e-07
1.382276	1.01595e-07
1.383657	1.02366e-07
1.385037	1.03143e-07
1.386417	1.03927e-07
1.387798	1.04716e-07
1.389178	1.05512e-07
1.390558	1.06314e-07
1.391938	1.07122e-07
1.393319	1.07937e-07
1.394699	1.08758e-07
1.396079	1.09585e-07
1.397459	1.10419e-07
1.398840	1.1126e-07
1.400220	1.12107e-07
1.401600	1.12961e-07
1.402981	1.13821e-07
1.404361	1.14688e-07
1.405741	1.15562e-07
1.407121	1.16443e-07
1.408502	1.17331e-07
1.409882	1.18225e-07
1.411262	1.19127e-07
1.412643	1.20036e-07
1.414023	1.20952e-07
1.415403	1.21875e-07
1.416783	1.22806e-07
1.418164	1.23743e-07
1.419544	1.24688e-07
1.420924	1.25641e-07
1.422304	1.26601e-07
1.423685	1.27569e-07
1.425065	1.28544e-07
1.426445	1.29527e-07
1.427826	1.30518e-07
1.429206	1.31517e-07
1.430586	1.32523e-07
1.431966	1.33537e-07
1.433347	1.3456e-07
1.434727	1.3559e-07
1.436107	1.36629e-07
1.437487	1.37676e-07
1.438868	1.38731e-07
1.440248	1.39795e-07
1.441628	1.40867e-07
1.443009	1.41947e-07
1.444389	1.43036e-07
1.445769	1.44133e-07
1.447149	1.4524e-07
1.448530	1.46355e-07
1.449910	1.47479e-07
1.451290	1.48611e-07
1.452671	1.49753e-07
1.454051	1.50904e-07
1.455431	1.52064e-07
1.456811	1.53233e-07
1.458192	1.54412e-07
1.459572	1.556e-07
1.460952	1.56797e-07
1.462332	1.58004e-07
1.463713	1.5922e-07
1.465093	1.60446e-07
1.466473	1.61682e-07
1.467854	1.62928e-07
1.469234	1.64183e-07
1.470614	1.65449e-07
1.471994	1.66725e-07
1.473375	1.6801e-07
1.474755	1.69307e-07
1.476135	1.70613e-07
1.477516	1.7193e-07
1.478896	1.73257e-07
1.480276	1.74595e-07
1.481656	1.75944e-07
1.483037	1.77303e-07
1.484417	1.78674e-07
1.485797	1.80055e-07
1.487177	1.81447e-07
1.488558	1.82851e-07
1.489938	1.84265e-07
1.491318	1.85691e-07
1.492699	1.87129e-07
1.494079	1.88578e-07
1.495459	1.90038e-07
1.496839	1.9151e-07
1.498220	1.92994e-07
1.499600	1.9449e-07
1.500980	1.95998e-07
1.502360	1.97518e-07
1.503741	1.9905e-07
1.505121	2.00595e-07
1.506501	2.02152e-07
1.507882	2.03721e-07
1.509262	2.05304e-07
1.510642	2.06898e-07
1.512022	2.08506e-07
1.513403	2.10126e-07
1.514783	2.1176e-07
1.516163	2.13407e-07
1.517544	2.15067e-07
1.518924	2.1674e-07
1.520304	2.18427e-07
1.521684	2.20128e-07
1.523065	2.21842e-07
1.524445	2.2357e-07
1.525825	2.25312e-07
1.527205	2.27068e-07
1.528586	2.28838e-07
1.529966	2.30623e-07
1.531346	2.32422e-07
1.532727	2.34235e-07
1.534107	2.36063e-07
1.535487	2.37906e-07
1.536867	2.39764e-07
1.538248	2.41637e-07
1.539628	2.43525e-07
1.541008	2.45428e-07
1.542388	2.47347e-07
1.543769	2.49282e-07
1.545149	2.51232e-07
1.546529	2.53197e-07
1.547910	2.55179e-07
1.549290	2.57177e-07
1.550670	2.59191e-07
1.552050	2.61222e-07
1.553431	2.63269e-07
1.554811	2.65332e-07
1.556191	2.67413e-07
1.557572	2.6951e-07
1.558952	2.71624e-07
1.560332	2.73756e-07
1.561712	2.75905e-07
1.563093	2.78071e-07
1.564473	2.80255e-07
1.565853	2.82457e-07
1.567233	2.84677e-07
1.568614	2.86915e-07
1.569994	2.89171e-07
1.571374	2.91446e-07
1.572755	2.93739e-07
1.574135	2.96051e-07
1.575515	2.98382e-07
1.576895	3.00732e-07
1.578276	3.03101e-07
1.579656	3.0549e-07
1.581036	3.07898e-07
1.582416	3.10325e-07
1.583797	3.12773e-07
1.585177	3.15241e-07
1.586557	3.17729e-07
1.587938	3.20237e-07
1.589318	3.22766e-07
1.590698	3.25315e-07
1.592078	3.27886e-07
1.593459	3.30478e-07
1.594839	3.33091e-07
1.596219	3.35725e-07
1.597600	3.38381e-07
1.598980	3.41059e-07
1.600360	3.43759e-07
1.601740	3.46481e-07
1.603121	3.49225e-07
1.604501	3.51993e-07
1.605881	3.54782e-07
1.607261	3.57595e-07
1.608642	3.60431e-07
1.610022	3.63291e-07
1.611402	3.66174e-07
1.612783	3.69081e-07
1.614163	3.72012e-07
1.615543	3.74967e-07
1.616923	3.77946e-07
1.618304	3.8095e-07
1.619684	3.83979e-07
1.621064	3.87033e-07
1.622444	3.90112e-07
1.623825	3.93217e-07
1.625205	3.96347e-07
1.626585	3.99504e-07
1.627966	4.02686e-07
1.629346	4.05895e-07
1.630726	4.09131e-07
1.632106	4.12393e-07
1.633487	4.15682e-07
1.634867	4.18999e-07
1.636247	4.22343e-07
1.637628	4.25715e-07
1.639008	4.29115e-07
1.640388	4.32544e-07
1.641768	4.36e-07
1.643149	4.39486e-07
1.644529	4.43001e-07
1.645909	4.46544e-07
1.647289	4.50118e-07
1.648670	4.53721e-07
1.650050	4.57354e-07
1.651430	4.61017e-07
1.652811	4.64711e-07
1.654191	4.68436e-07
1.655571	4.72192e-07
1.656951	4.7598e-07
1.658332	4.79799e-07
1.659712	4.83649e-07
1.661092	4.87532e-07
1.662472	4.91448e-07
1.663853	4.95396e-07
1.665233	4.99378e-07
1.666613	5.03392e-07
1.667994	5.07441e-07
1.669374	5.11523e-07
1.670754	5.15639e-07
1.672134	5.19791e-07
1.673515	5.23976e-07
1.674895	5.28197e-07
1.676275	5.32454e-07
1.677656	5.36746e-07
1.679036	5.41074e-07
1.680416	5.45439e-07
1.681796	5.4984e-07
1.683177	5.54279e-07
1.684557	5.58754e-07
1.685937	5.63268e-07
1.687317	5.67819e-07
1.688698	5.72409e-07
1.690078	5.77037e-07
1.691458	5.81705e-07
1.692839	5.86412e-07
1.694219	5.91158e-07
1.695599	5.95945e-07
1.696979	6.00772e-07
1.698360	6.0564e-07
1.699740	6.10549e-07
1.701120	6.155e-07
1.702501	6.20492e-07
1.703881	6.25527e-07
1.705261	6.30604e-07
1.706641	6.35725e-07
1.708022	6.40889e-07
1.709402	6.46096e-07
1.710782	6.51348e-07
1.712162	6.56644e-07
1.713543	6.61985e-07
1.714923	6.67372e-07
1.716303	6.72804e-07
1.717684	6.78283e-07
1.719064	6.83808e-07
1.720444	6.8938e-07
1.721824	6.95e-07
1.723205	7.00667e-07
1.724585	7.06383e-07
1.725965	7.12147e-07
1.727345	7.1796e-07
1.728726	7.23823e-07
1.730106	7.29736e-07
1.731486	7.357e-07
1.732867	7.41714e-07
1.734247	7.4778e-07
1.735627	7.53897e-07
1.737007	7.60067e-07
1.738388	7.6629e-07
1.739768	7.72566e-07
1.741148	7.78895e-07
1.742529	7.85279e-07
1.743909	7.91717e-07
1.745289	7.98211e-07
1.746669	8.0476e-07
1.748050	8.11366e-07
1.749430	8.18028e-07
1.750810	8.24747e-07
1.752190	8.31524e-07
1.753571	8.38359e-07
1.754951	8.45253e-07
1.756331	8.52207e-07
1.757712	8.5922e-07
1.759092	8.66293e-07
1.760472	8.73427e-07
1.761852	8.80623e-07
1.763233	8.87881e-07
1.764613	8.95201e-07
1.765993	9.02585e-07
1.767373	9.10032e-07
1.768754	9.17543e-07
1.770134	9.2512e-07
1.771514	9.32761e-07
1.772895	9.40469e-07
1.774275	9.48244e-07
1.775655	9.56085e-07
1.777035	9.63995e-07
1.778416	9.71973e-07
1.779796	9.8002e-07
1.781176	9.88137e-07
1.782557	9.96324e-07
1.783937	1.00458e-06
1.785317	1.01291e-06
1.786697	1.02131e-06
1.788078	1.02979e-06
1.789458	1.03834e-06
1.790838	1.04696e-06
1.792218	1.05566e-06
1.793599	1.06443e-06
1.794979	1.07328e-06
1.796359	1.08221e-06
1.797740	1.09122e-06
1.799120	1.1003e-06
1.800500	1.10946e-06
1.801880	1.1187e-06
1.803261	1.12803e-06
1.804641	1.13743e-06
1.806021	1.14692e-06
1.807401	1.15649e-06
1.808782	1.16614e-06
1.810162	1.17588e-06
1.811542	1.1857e-06
1.812923	1.19561e-06
1.814303	1.20561e-06
1.815683	1.21569e-06
1.817063	1.22586e-06
1.818444	1.23612e-06
1.819824	1.24647e-06
1.821204	1.25691e-06
1.822585	1.26745e-06
1.823965	1.27807e-06
1.825345	1.28879e-06
1.826725	1.29961e-06
1.828106	1.31051e-06
1.829486	1.32152e-06
1.830866	1.33262e-06
1.832246	1.34382e-06
1.833627	1.35512e-06
1.835007	1.36652e-06
1.836387	1.37801e-06
1.837768	1.38961e-06
1.839148	1.40132e-06
1.840528	1.41312e-06
1.841908	1.42503e-06
1.843289	1.43705e-06
1.844669	1.44917e-06
1.846049	1.4614e-06
1.847429	1.47373e-06
1.848810	1.48618e-06
1.850190	1.49874e-06
1.851570	1.51141e-06
1.852951	1.52419e-06
1.854331	1.53708e-06
1.855711	1.55009e-06
1.857091	1.56321e-06
1.858472	1.57645e-06
1.859852	1.58981e-06
1.861232	1.60329e-06
1.862613	1.61688e-06
1.863993	1.6306e-06
1.865373	1.64444e-06
1.866753	1.65841e-06
1.868134	1.67249e-06
1.869514	1.68671e-06
1.870894	1.70105e-06
1.872274	1.71552e-06
1.873655	1.73012e-06
1.875035	1.74484e-06
1.876415	1.7597e-06
1.877796	1.7747e-06
1.879176	1.78982e-06
1.880556	1.80509e-06
1.881936	1.82049e-06
1.883317	1.83602e-06
1.884697	1.8517e-06
1.886077	1.86752e-06
1.887457	1.88348e-06
1.888838	1.89958e-06
1.890218	1.91583e-06
1.891598	1.93222e-06
1.892979	1.94876e-06
1.894359	1.96545e-06
1.895739	1.9823e-06
1.897119	1.99929e-06
1.898500	2.01643e-06
1.899880	2.03373e-06
1.901260	2.05119e-06
1.902641	2.0688e-06
1.904021	2.08657e-06
1.905401	2.10451e-06
1.906781	2.1226e-06
1.908162	2.14086e-06
1.909542	2.15928e-06
1.910922	2.17788e-06
1.912302	2.19663e-06
1.913683	2.21556e-06
1.915063	2.23466e-06
1.916443	2.25394e-06
1.917824	2.27339e-06
1.919204	2.29301e-06
1.920584	2.31282e-06
1.921964	2.3328e-06
1.923345	2.35297e-06
1.924725	2.37331e-06
1.926105	2.39385e-06
1.927485	2.41457e-06
1.928866	2.43548e-06
1.930246	2.45658e-06
1.931626	2.47787e-06
1.933007	2.49936e-06
1.934387	2.52104e-06
1.935767	2.54293e-06
1.937147	2.56501e-06
1.938528	2.58729e-06
1.939908	2.60978e-06
1.941288	2.63247e-06
1.942669	2.65537e-06
1.944049	2.67848e-06
1.945429	2.70181e-06
1.946809	2.72534e-06
1.948190	2.74909e-06
1.949570	2.77307e-06
1.950950	2.79726e-06
1.952330	2.82167e-06
1.953711	2.84631e-06
1.955091	2.87117e-06
1.956471	2.89626e-06
1.957852	2.92159e-06
1.959232	2.94715e-06
1.960612	2.97294e-06
1.961992	2.99897e-06
1.963373	3.02524e-06
1.964753	3.05176e-06
1.966133	3.07852e-06
1.967514	3.10552e-06
1.968894	3.13278e-06
1.970274	3.16029e-06
1.971654	3.18805e-06
1.973035	3.21607e-06
1.974415	3.24435e-06
1.975795	3.2729e-06
1.977175	3.3017e-06
1.978556	3.33078e-06
1.979936	3.36012e-06
1.981316	3.38974e-06
1.982697	3.41963e-06
1.984077	3.4498e-06
1.985457	3.48026e-06
1.986837	3.51099e-06
1.988218	3.54201e-06
1.989598	3.57332e-06
1.990978	3.60493e-06
1.992358	3.63682e-06
1.993739	3.66902e-06
1.995119	3.70152e-06
1.996499	3.73432e-06
1.997880	3.76743e-06
1.999260	3.80084e-06
2.000640	3.83457e-06
2.002020	3.86862e-06
2.003401	3.90298e-06
2.004781	3.93767e-06
2.006161	3.97269e-06
2.007542	4.00803e-06
2.008922	4.0437e-06
2.010302	4.07971e-06
2.011682	4.11606e-06
2.013063	4.15275e-06
2.014443	4.18978e-06
2.015823	4.22717e-06
2.017203	4.26491e-06
2.018584	4.303e-06
2.019964	4.34145e-06
2.021344	4.38027e-06
2.022725	4.41945e-06
2.024105	4.459e-06
2.025485	4.49893e-06
2.026865	4.53923e-06
2.028246	4.57992e-06
2.029626	4.62099e-06
2.031006	4.66245e-06
2.032386	4.7043e-06
2.033767	4.74655e-06
2.035147	4.7892e-06
2.036527	4.83226e-06
2.037908	4.87573e-06
2.039288	4.91961e-06
2.040668	4.96391e-06
2.042048	5.00862e-06
2.043429	5.05377e-06
2.044809	5.09935e-06
2.046189	5.14536e-06
2.047570	5.19181e-06
2.048950	5.2387e-06
2.050330	5.28604e-06
2.051710	5.33383e-06
2.053091	5.38208e-06
2.054471	5.4308e-06
2.055851	5.47998e-06
2.057231	5.52963e-06
2.058612	5.57975e-06
2.059992	5.63036e-06
2.061372	5.68145e-06
2.062753	5.73304e-06
2.064133	5.78512e-06
2.065513	5.8377e-06
2.066893	5.89078e-06
2.068274	5.94438e-06
2.069654	5.99849e-06
2.071034	6.05313e-06
2.072414	6.10829e-06
2.073795	6.16399e-06
2.075175	6.22022e-06
2.076555	6.27699e-06
2.077936	6.33432e-06
2.079316	6.3922e-06
2.080696	6.45064e-06
2.082076	6.50964e-06
2.083457	6.56922e-06
2.084837	6.62937e-06
2.086217	6.69011e-06
2.087598	6.75144e-06
2.088978	6.81336e-06
2.090358	6.87589e-06
2.091738	6.93902e-06
2.093119	7.00277e-06
2.094499	7.06714e-06
2.095879	7.13213e-06
2.097259	7.19776e-06
2.098640	7.26403e-06
2.100020	7.33094e-06
2.101400	7.39851e-06
2.102781	7.46674e-06
2.104161	7.53564e-06
2.105541	7.60521e-06
2.106921	7.67546e-06
2.108302	7.7464e-06
2.109682	7.81804e-06
2.111062	7.89038e-06
2.112442	7.96343e-06
2.113823	8.03719e-06
2.115203	8.11168e-06
2.116583	8.1869e-06
2.117964	8.26287e-06
2.119344	8.33958e-06
2.120724	8.41704e-06
2.122104	8.49527e-06
2.123485	8.57428e-06
2.124865	8.65406e-06
2.126245	8.73463e-06
2.127626	8.81599e-06
2.129006	8.89816e-06
2.130386	8.98114e-06
2.131766	9.06495e-06
2.133147	9.14958e-06
2.134527	9.23506e-06
2.135907	9.32138e-06
2.137287	9.40856e-06
2.138668	9.4966e-06
2.140048	9.58552e-06
2.141428	9.67532e-06
2.142809	9.76602e-06
2.144189	9.85762e-06
2.145569	9.95013e-06
2.146949	1.00436e-05
2.148330	1.01379e-05
2.149710	1.02332e-05
2.151090	1.03295e-05
2.152470	1.04267e-05
2.153851	1.05249e-05
2.155231	1.06241e-05
2.156611	1.07243e-05
2.157992	1.08255e-05
2.159372	1.09276e-05
2.160752	1.10309e-05
2.162132	1.11351e-05
2.163513	1.12404e-05
2.164893	1.13468e-05
2.166273	1.14542e-05
2.167654	1.15627e-05
2.169034	1.16723e-05
2.170414	1.1783e-05
2.171794	1.18948e-05
2.173175	1.20078e-05
2.174555	1.21219e-05
2.175935	1.22371e-05
2.177315	1.23536e-05
2.178696	1.24711e-05
2.180076	1.25899e-05
2.181456	1.27099e-05
2.182837	1.28311e-05
2.184217	1.29535e-05
2.185597	1.30772e-05
2.186977	1.32022e-05
2.188358	1.33284e-05
2.189738	1.34559e-05
2.191118	1.35846e-05
2.192498	1.37147e-05
2.193879	1.38462e-05
2.195259	1.39789e-05
2.196639	1.4113e-05
2.198020	1.42485e-05
2.199400	1.43854e-05
2.200780	1.45237e-05
2.202160	1.46634e-05
2.203541	1.48045e-05
2.204921	1.49471e-05
2.206301	1.50911e-05
2.207682	1.52366e-05
2.209062	1.53836e-05
2.210442	1.55322e-05
2.211822	1.56822e-05
2.213203	1.58338e-05
2.214583	1.59869e-05
2.215963	1.61417e-05
2.217343	1.6298e-05
2.218724	1.64559e-05
2.220104	1.66155e-05
2.221484	1.67767e-05
2.222865	1.69396e-05
2.224245	1.71042e-05
2.225625	1.72705e-05
2.227005	1.74385e-05
2.228386	1.76082e-05
2.229766	1.77798e-05
2.231146	1.7953e-05
2.232527	1.81281e-05
2.233907	1.83051e-05
2.235287	1.84838e-05
2.236667	1.86644e-05
2.238048	1.88469e-05
2.239428	1.90313e-05
2.240808	1.92177e-05
2.242188	1.9406e-05
2.243569	1.95962e-05
2.244949	1.97885e-05
2.246329	1.99827e-05
2.247710	2.0179e-05
2.249090	2.03773e-05
2.250470	2.05778e-05
2.251850	2.07803e-05
2.253231	2.0985e-05
2.254611	2.11918e-05
2.255991	2.14008e-05
2.257371	2.1612e-05
2.258752	2.18254e-05
2.260132	2.2041e-05
2.261512	2.2259e-05
2.262893	2.24792e-05
2.264273	2.27018e-05
2.265653	2.29268e-05
2.267033	2.31541e-05
2.268414	2.33838e-05
2.269794	2.36159e-05
2.271174	2.38506e-05
2.272555	2.40877e-05
2.273935	2.43273e-05
2.275315	2.45695e-05
2.276695	2.48142e-05
2.278076	2.50616e-05
2.279456	2.53116e-05
2.280836	2.55643e-05
2.282216	2.58196e-05
2.283597	2.60777e-05
2.284977	2.63386e-05
2.286357	2.66022e-05
2.287738	2.68687e-05
2.289118	2.7138e-05
2.290498	2.74102e-05
2.291878	2.76854e-05
2.293259	2.79635e-05
2.294639	2.82445e-05
2.296019	2.85286e-05
2.297399	2.88158e-05
2.298780	2.9106e-05
2.300160	2.93994e-05
2.301540	2.9696e-05
2.302921	2.99957e-05
2.304301	3.02987e-05
2.305681	3.0605e-05
2.307061	3.09146e-05
2.308442	3.12275e-05
2.309822	3.15438e-05
2.311202	3.18636e-05
2.312583	3.21868e-05
2.313963	3.25136e-05
2.315343	3.28439e-05
2.316723	3.31778e-05
2.318104	3.35153e-05
2.319484	3.38565e-05
2.320864	3.42014e-05
2.322244	3.45501e-05
2.323625	3.49026e-05
2.325005	3.5259e-05
2.326385	3.56193e-05
2.327766	3.59835e-05
2.329146	3.63517e-05
2.330526	3.67239e-05
2.331906	3.71003e-05
2.333287	3.74807e-05
2.334667	3.78654e-05
2.336047	3.82543e-05
2.337427	3.86475e-05
2.338808	3.9045e-05
2.340188	3.94469e-05
2.341568	3.98532e-05
2.342949	4.0264e-05
2.344329	4.06794e-05
2.345709	4.10993e-05
2.347089	4.1524e-05
2.348470	4.19533e-05
2.349850	4.23874e-05
2.351230	4.28263e-05
2.352611	4.32701e-05
2.353991	4.37188e-05
2.355371	4.41726e-05
2.356751	4.46313e-05
2.358132	4.50952e-05
2.359512	4.55643e-05
2.360892	4.60386e-05
2.362272	4.65183e-05
2.363653	4.70033e-05
2.365033	4.74937e-05
2.366413	4.79896e-05
2.367794	4.84911e-05
2.369174	4.89982e-05
2.370554	4.95111e-05
2.371934	5.00297e-05
2.373315	5.05541e-05
2.374695	5.10844e-05
2.376075	5.16208e-05
2.377455	5.21631e-05
2.378836	5.27116e-05
2.380216	5.32663e-05
2.381596	5.38273e-05
2.382977	5.43947e-05
2.384357	5.49684e-05
2.385737	5.55487e-05
2.387117	5.61356e-05
2.388498	5.67292e-05
2.389878	5.73294e-05
2.391258	5.79366e-05
2.392639	5.85506e-05
2.394019	5.91717e-05
2.395399	5.97998e-05
2.396779	6.04352e-05
2.398160	6.10778e-05
2.399540	6.17277e-05
2.400920	6.23851e-05
2.402300	6.30501e-05
2.403681	6.37226e-05
2.405061	6.44029e-05
2.406441	6.50911e-05
2.407822	6.57871e-05
2.409202	6.64912e-05
2.410582	6.72034e-05
2.411962	6.79238e-05
2.413343	6.86525e-05
2.414723	6.93896e-05
2.416103	7.01353e-05
2.417483	7.08896e-05
2.418864	7.16527e-05
2.420244	7.24246e-05
2.421624	7.32055e-05
2.423005	7.39955e-05
2.424385	7.47946e-05
2.425765	7.56031e-05
2.427145	7.6421e-05
2.428526	7.72484e-05
2.429906	7.80855e-05
2.431286	7.89324e-05
2.432667	7.97892e-05
2.434047	8.0656e-05
2.435427	8.1533e-05
2.436807	8.24203e-05
2.438188	8.3318e-05
2.439568	8.42263e-05
2.440948	8.51453e-05
2.442328	8.60751e-05
2.443709	8.70158e-05
2.445089	8.79677e-05
2.446469	8.89308e-05
2.447850	8.99053e-05
2.449230	9.08913e-05
2.450610	9.1889e-05
2.451990	9.28985e-05
2.453371	9.39201e-05
2.454751	9.49537e-05
2.456131	9.59997e-05
2.457512	9.70581e-05
2.458892	9.81291e-05
2.460272	9.92129e-05
2.461652	0.00010031
2.463033	0.00010142
2.464413	0.000102543
2.465793	0.000103679
2.467173	0.000104829
2.468554	0.000105993
2.469934	0.000107171
2.471314	0.000108364
2.472695	0.00010957
2.474075	0.000110791
2.475455	0.000112027
2.476835	0.000113278
2.478216	0.000114543
2.479596	0.000115825
2.480976	0.000117121
2.482356	0.000118434
2.483737	0.000119762
2.485117	0.000121106
2.486497	0.000122467
2.487878	0.000123844
2.489258	0.000125238
2.490638	0.000126649
2.492018	0.000128078
2.493399	0.000129524
2.494779	0.000130987
2.496159	0.000132468
2.497540	0.000133968
2.498920	0.000135486
2.500300	0.000137023
2.501680	0.000138578
2.503061	0.000140153
2.504441	0.000141747
2.505821	0.00014336
2.507201	0.000144994
2.508582	0.000146648
2.509962	0.000148322
2.511342	0.000150017
2.512723	0.000151733
2.514103	0.000153471
2.515483	0.00015523
2.516863	0.000157011
2.518244	0.000158814
2.519624	0.000160639
2.521004	0.000162488
2.522384	0.000164359
2.523765	0.000166254
2.525145	0.000168173
2.526525	0.000170115
2.527906	0.000172082
2.529286	0.000174074
2.530666	0.000176091
2.532046	0.000178133
2.533427	0.000180201
2.534807	0.000182295
2.536187	0.000184415
2.537568	0.000186563
2.538948	0.000188737
2.540328	0.000190939
2.541708	0.000193169
2.543089	0.000195428
2.544469	0.000197715
2.545849	0.000200031
2.547229	0.000202377
2.548610	0.000204752
2.549990	0.000207158
2.551370	0.000209595
2.552751	0.000212063
2.554131	0.000214563
2.555511	0.000217095
2.556891	0.000219659
2.558272	0.000222256
2.559652	0.000224887
2.561032	0.000227552
2.562412	0.000230251
2.563793	0.000232985
2.565173	0.000235754
2.566553	0.000238559
2.567934	0.000241401
2.569314	0.00024428
2.570694	0.000247196
2.572074	0.00025015
2.573455	0.000253142
2.574835	0.000256173
2.576215	0.000259245
2.577596	0.000262356
2.578976	0.000265508
2.580356	0.000268701
2.581736	0.000271937
2.583117	0.000275214
2.584497	0.000278535
2.585877	0.0002819
2.587257	0.000285309
2.588638	0.000288763
2.590018	0.000292263
2.591398	0.00029581
2.592779	0.000299403
2.594159	0.000303044
2.595539	0.000306733
2.596919	0.000310471
2.598300	0.00031426
2.599680	0.000318098
2.601060	0.000321988
2.602440	0.00032593
2.603821	0.000329925
2.605201	0.000333974
2.606581	0.000338076
2.607962	0.000342234
2.609342	0.000346448
2.610722	0.000350719
2.612102	0.000355047
2.613483	0.000359434
2.614863	0.00036388
2.616243	0.000368387
2.617624	0.000372954
2.619004	0.000377584
2.620384	0.000382276
2.621764	0.000387032
2.623145	0.000391854
2.624525	0.000396741
2.625905	0.000401695
2.627285	0.000406716
2.628666	0.000411807
2.630046	0.000416967
2.631426	0.000422199
2.632807	0.000427502
2.634187	0.000432879
2.635567	0.000438329
2.636947	0.000443855
2.638328	0.000449458
2.639708	0.000455138
2.641088	0.000460897
2.642468	0.000466735
2.643849	0.000472656
2.645229	0.000478658
2.646609	0.000484744
2.647990	0.000490916
2.649370	0.000497174
2.650750	0.000503519
2.652130	0.000509953
2.653511	0.000516478
2.654891	0.000523095
2.656271	0.000529805
2.657652	0.000536609
2.659032	0.00054351
2.660412	0.000550508
2.661792	0.000557605
2.663173	0.000564803
2.664553	0.000572104
2.665933	0.000579508
2.667313	0.000587018
2.668694	0.000594635
2.670074	0.00060236
2.671454	0.000610197
2.672835	0.000618145
2.674215	0.000626208
2.675595	0.000634387
2.676975	0.000642683
2.678356	0.000651099
2.679736	0.000659637
2.681116	0.000668298
2.682496	0.000677084
2.683877	0.000685998
2.685257	0.000695041
2.686637	0.000704216
2.688018	0.000713525
2.689398	0.000722969
2.690778	0.000732551
2.692158	0.000742274
2.693539	0.000752139
2.694919	0.000762149
2.696299	0.000772306
2.697680	0.000782613
2.699060	0.000793071
2.700440	0.000803684
2.701820	0.000814455
2.703201	0.000825384
2.704581	0.000836476
2.705961	0.000847733
2.707341	0.000859157
2.708722	0.000870752
2.710102	0.00088252
2.711482	0.000894464
2.712863	0.000906587
2.714243	0.000918892
2.715623	0.000931381
2.717003	0.000944059
2.718384	0.000956928
2.719764	0.000969991
2.721144	0.000983252
2.722525	0.000996714
2.723905	0.00101038
2.725285	0.00102425
2.726665	0.00103834
2.728046	0.00105264
2.729426	0.00106716
2.730806	0.0010819
2.732186	0.00109687
2.733567	0.00111206
2.734947	0.00112749
2.736327	0.00114316
2.737708	0.00115907
2.739088	0.00117523
2.740468	0.00119163
2.741848	0.00120829
2.743229	0.00122521
2.744609	0.00124239
2.745989	0.00125984
2.747369	0.00127757
2.748750	0.00129557
2.750130	0.00131385
2.751510	0.00133242
2.752891	0.00135128
2.754271	0.00137044
2.755651	0.0013899
2.757031	0.00140967
2.758412	0.00142975
2.759792	0.00145015
2.761172	0.00147088
2.762553	0.00149194
2.763933	0.00151333
2.765313	0.00153506
2.766693	0.00155714
2.768074	0.00157958
2.769454	0.00160238
2.770834	0.00162554
2.772214	0.00164908
2.773595	0.00167299
2.774975	0.0016973
2.776355	0.001722
2.777736	0.0017471
2.779116	0.00177261
2.780496	0.00179853
2.781876	0.00182488
2.783257	0.00185167
2.784637	0.00187889
2.786017	0.00190655
2.787397	0.00193468
2.788778	0.00196327
2.790158	0.00199233
2.791538	0.00202187
2.792919	0.0020519
2.794299	0.00208243
2.795679	0.00211348
2.797059	0.00214504
2.798440	0.00217712
2.799820	0.00220975
2.801200	0.00224292
2.802581	0.00227665
2.803961	0.00231096
2.805341	0.00234584
2.806721	0.00238131
2.808102	0.00241738
2.809482	0.00245407
2.810862	0.00249138
2.812242	0.00252933
2.813623	0.00256793
2.815003	0.00260719
2.816383	0.00264713
2.817764	0.00268775
2.819144	0.00272907
2.820524	0.00277111
2.821904	0.00281388
2.823285	0.00285739
2.824665	0.00290166
2.826045	0.0029467
2.827425	0.00299252
2.828806	0.00303915
2.830186	0.0030866
2.831566	0.00313488
2.832947	0.00318401
2.834327	0.00323401
2.835707	0.0032849
2.837087	0.00333669
2.838468	0.0033894
2.839848	0.00344305
2.841228	0.00349766
2.842609	0.00355325
2.843989	0.00360983
2.845369	0.00366744
2.846749	0.00372608
2.848130	0.00378578
2.849510	0.00384656
2.850890	0.00390845
2.852270	0.00397146
2.853651	0.00403562
2.855031	0.00410096
2.856411	0.00416749
2.857792	0.00423524
2.859172	0.00430425
2.860552	0.00437452
2.861932	0.0044461
2.863313	0.004519
2.864693	0.00459326
2.866073	0.0046689
2.867453	0.00474595
2.868834	0.00482445
2.870214	0.00490442
2.871594	0.0049859
2.872975	0.00506891
2.874355	0.00515349
2.875735	0.00523968
2.877115	0.0053275
2.878496	0.005417
2.879876	0.00550821
2.881256	0.00560116
2.882637	0.0056959
2.884017	0.00579246
2.885397	0.00589089
2.886777	0.00599122
2.888158	0.00609349
2.889538	0.00619776
2.890918	0.00630406
2.892298	0.00641243
2.893679	0.00652293
2.895059	0.00663561
2.896439	0.0067505
2.897820	0.00686767
2.899200	0.00698715
2.900580	0.00710901
2.901960	0.0072333
2.903341	0.00736007
2.904721	0.00748937
2.906101	0.00762128
2.907481	0.00775584
2.908862	0.00789312
2.910242	0.00803318
2.911622	0.00817609
2.913003	0.0083219
2.914383	0.0084707
2.915763	0.00862254
2.917143	0.0087775
2.918524	0.00893565
2.919904	0.00909707
2.921284	0.00926183
2.922665	0.00943002
2.924045	0.00960171
2.925425	0.00977699
2.926805	0.00995595
2.928186	0.0101387
2.929566	0.0103252
2.930946	0.0105157
2.932326	0.0107103
2.933707	0.010909
2.935087	0.0111119
2.936467	0.0113192
2.937848	0.0115309
2.939228	0.0117472
2.940608	0.0119682
2.941988	0.0121939
2.943369	0.0124246
2.944749	0.0126603
2.946129	0.0129011
2.947510	0.0131473
2.948890	0.0133988
2.950270	0.0136559
2.951650	0.0139187
2.953031	0.0141873
2.954411	0.014462
2.955791	0.0147427
2.957171	0.0150298
2.958552	0.0153233
2.959932	0.0156235
2.961312	0.0159304
2.962693	0.0162444
2.964073	0.0165655
2.965453	0.0168939
2.966833	0.0172299
2.968214	0.0175736
2.969594	0.0179253
2.970974	0.0182851
2.972354	0.0186533
2.973735	0.0190301
2.975115	0.0194158
2.976495	0.0198105
2.977876	0.0202145
2.979256	0.0206281
2.980636	0.0210515
2.982016	0.021485
2.983397	0.0219289
2.984777	0.0223835
2.986157	0.022849
2.987538	0.0233257
2.988918	0.023814
2.990298	0.0243143
2.991678	0.0248267
2.993059	0.0253517
2.994439	0.0258897
2.995819	0.0264409
2.997199	0.0270058
2.998580	0.0275848
2.999960	0.0281782
3.001340	0.0287866
3.002721	0.0294102
3.004101	0.0300496
3.005481	0.0307052
3.006861	0.0313775
3.008242	0.0320669
3.009622	0.032774
3.011002	0.0334994
3.012382	0.0342435
3.013763	0.0350068
3.015143	0.0357901
3.016523	0.0365938
3.017904	0.0374186
3.019284	0.0382651
3.020664	0.0391339
3.022044	0.0400259
3.023425	0.0409416
3.024805	0.0418817
3.026185	0.0428471
3.027566	0.0438385
3.028946	0.0448567
3.030326	0.0459026
3.031706	0.0469769
3.033087	0.0480807
3.034467	0.0492147
3.035847	0.0503801
3.037227	0.0515776
3.038608	0.0528085
3.039988	0.0540736
3.041368	0.0553742
3.042749	0.0567114
3.044129	0.0580862
3.045509	0.0595
3.046889	0.0609539
3.048270	0.0624494
3.049650	0.0639876
3.051030	0.0655701
3.052410	0.0671982
3.053791	0.0688735
3.055171	0.0705975
3.056551	0.0723718
3.057932	0.074198
3.059312	0.0760779
3.060692	0.0780132
3.062072	0.0800058
3.063453	0.0820575
3.064833	0.0841704
3.066213	0.0863465
3.067594	0.0885879
3.068974	0.0908967
3.070354	0.0932753
3.071734	0.0957259
3.073115	0.098251
3.074495	0.100853
3.075875	0.103535
3.077255	0.106299
3.078636	0.109147
3.080016	0.112084
3.081396	0.115112
3.082777	0.118233
3.084157	0.121452
3.085537	0.12477
3.086917	0.128193
3.088298	0.131722
3.089678	0.135362
3.091058	0.139116
3.092438	0.142989
3.093819	0.146983
3.095199	0.151104
3.096579	0.155354
3.097960	0.159739
3.099340	0.164263
3.100720	0.16893
3.102100	0.173744
3.103481	0.178711
3.104861	0.183836
3.106241	0.189122
3.107622	0.194575
3.109002	0.200201
3.110382	0.206004
3.111762	0.21199
3.113143	0.218163
3.114523	0.22453
3.115903	0.231096
3.117283	0.237865
3.118664	0.244845
3.120044	0.252039
3.121424	0.259454
3.122805	0.267095
3.124185	0.274967
3.125565	0.283075
3.126945	0.291426
3.128326	0.300023
3.129706	0.308871
3.131086	0.317975
3.132466	0.32734
3.133847	0.336968
3.135227	0.346865
3.136607	0.357032
3.137988	0.367472
3.139368	0.378189
3.140748	0.389182
3.142128	0.400453
3.143509	0.412002
3.144889	0.423828
3.146269	0.435929
3.147650	0.448304
3.149030	0.460947
3.150410	0.473853
3.151790	0.487018
3.153171	0.500433
3.154551	0.514089
3.155931	0.527977
3.157311	0.542083
3.158692	0.556394
3.160072	0.570896
3.161452	0.585571
3.162833	0.6004
3.164213	0.615363
3.165593	0.630437
3.166973	0.645599
3.168354	0.660821
3.169734	0.676078
3.171114	0.691338
3.172494	0.706572
3.173875	0.721747
3.175255	0.736829
3.176635	0.751784
3.178016	0.766575
3.179396	0.781167
3.180776	0.795521
3.182156	0.809601
3.183537	0.823369
3.184917	0.836789
3.186297	0.849823
3.187678	0.862437
3.189058	0.874595
3.190438	0.886265
3.191818	0.897415
3.193199	0.908017
3.194579	0.918043
3.195959	0.927468
3.197339	0.936272
3.198720	0.944435
3.200100	0.951941
3.201480	0.958779
3.202861	0.964938
3.204241	0.970411
3.205621	0.975197
3.207001	0.979296
3.208382	0.98271
3.209762	0.985445
3.211142	0.987512
3.212523	0.988922
3.213903	0.98969
3.215283	0.989831
3.216663	0.989365
3.218044	0.988312
3.219424	0.986695
3.220804	0.984537
3.222184	0.981862
3.223565	0.978698
3.224945	0.975068
3.226325	0.971002
3.227706	0.966525
3.229086	0.961665
3.230466	0.956448
3.231846	0.950902
3.233227	0.945052
3.234607	0.938926
3.235987	0.932547
3.237367	0.92594
3.238748	0.919129
3.240128	0.912137
3.241508	0.904985
3.242889	0.897695
3.244269	0.890286
3.245649	0.882777
3.247029	0.875187
3.248410	0.86753
3.249790	0.859825
3.251170	0.852085
3.252551	0.844324
3.253931	0.836556
3.255311	0.828791
3.256691	0.821042
3.258072	0.813318
3.259452	0.80563
3.260832	0.797984
3.262212	0.79039
3.263593	0.782855
3.264973	0.775385
3.266353	0.767986
3.267734	0.760663
3.269114	0.753421
3.270494	0.746264
3.271874	0.739196
3.273255	0.73222
3.274635	0.725339
3.276015	0.718556
3.277395	0.711872
3.278776	0.705289
3.280156	0.698808
3.281536	0.692432
3.282917	0.68616
3.284297	0.679993
3.285677	0.673932
3.287057	0.667976
3.288438	0.662127
3.289818	0.656383
3.291198	0.650744
3.292579	0.64521
3.293959	0.639781
3.295339	0.634455
3.296719	0.629232
3.298100	0.624111
3.299480	0.619091
3.300860	0.614172
3.302240	0.609351
3.303621	0.604628
3.305001	0.600001
3.306381	0.59547
3.307762	0.591033
3.309142	0.586689
3.310522	0.582437
3.311902	0.578275
3.313283	0.574202
3.314663	0.570217
3.316043	0.566317
3.317423	0.562503
3.318804	0.558773
3.320184	0.555124
3.321564	0.551557
3.322945	0.548069
3.324325	0.54466
3.325705	0.541327
3.327085	0.53807
3.328466	0.534888
3.329846	0.531778
3.331226	0.528741
3.332607	0.525774
3.333987	0.522876
3.335367	0.520047
3.336747	0.517285
3.338128	0.514588
3.339508	0.511957
3.340888	0.509389
3.342268	0.506883
3.343649	0.504439
3.345029	0.502055
3.346409	0.49973
3.347790	0.497464
3.349170	0.495255
3.350550	0.493102
3.351930	0.491005
3.353311	0.488962
3.354691	0.486972
3.356071	0.485035
3.357451	0.48315
3.358832	0.481315
3.360212	0.479531
3.361592	0.477795
3.362973	0.476108
3.364353	0.474469
3.365733	0.472876
3.367113	0.471329
3.368494	0.469828
3.369874	0.468371
3.371254	0.466958
3.372635	0.465588
3.374015	0.464261
3.375395	0.462975
3.376775	0.461731
3.378156	0.460527
3.379536	0.459363
3.380916	0.458239
3.382296	0.457153
3.383677	0.456106
3.385057	0.455096
3.386437	0.454123
3.387818	0.453187
3.389198	0.452288
3.390578	0.451423
3.391958	0.450594
3.393339	0.4498
3.394719	0.449039
3.396099	0.448313
3.397479	0.447619
3.398860	0.446959
3.400240	0.446331
3.401620	0.445735
3.403001	0.44517
3.404381	0.444637
3.405761	0.444135
3.407141	0.443663
3.408522	0.443221
3.409902	0.442809
3.411282	0.442427
3.412663	0.442073
3.414043	0.441748
3.415423	0.441452
3.416803	0.441184
3.418184	0.440944
3.419564	0.440731
3.420944	0.440545
3.422324	0.440387
3.423705	0.440255
3.425085	0.44015
3.426465	0.440071
3.427846	0.440017
3.429226	0.43999
3.430606	0.439988
3.431986	0.440011
3.433367	0.440059
3.434747	0.440132
3.436127	0.440229
3.437508	0.440351
3.438888	0.440497
3.440268	0.440666
3.441648	0.44086
3.443029	0.441077
3.444409	0.441317
3.445789	0.441581
3.447169	0.441868
3.448550	0.442177
3.449930	0.442509
3.451310	0.442864
3.452691	0.443241
3.454071	0.44364
3.455451	0.444061
3.456831	0.444505
3.458212	0.44497
3.459592	0.445456
3.460972	0.445964
3.462352	0.446494
3.463733	0.447044
3.465113	0.447616
3.466493	0.448209
3.467874	0.448822
3.469254	0.449457
3.470634	0.450112
3.472014	0.450787
3.473395	0.451483
3.474775	0.452199
3.476155	0.452936
3.477536	0.453692
3.478916	0.454469
3.480296	0.455265
3.481676	0.456082
3.483057	0.456918
3.484437	0.457773
3.485817	0.458648
3.487197	0.459543
3.488578	0.460457
3.489958	0.46139
3.491338	0.462343
3.492719	0.463314
3.494099	0.464305
3.495479	0.465314
3.496859	0.466343
3.498240	0.46739
3.499620	0.468456
3.501000	0.469541
3.502380	0.470644
3.503761	0.471766
3.505141	0.472907
3.506521	0.474065
3.507902	0.475242
3.509282	0.476438
3.510662	0.477651
3.512042	0.478883
3.513423	0.480132
3.514803	0.4814
3.516183	0.482686
3.517564	0.483989
3.518944	0.48531
3.520324	0.486649
3.521704	0.488006
3.523085	0.48938
3.524465	0.490772
3.525845	0.492181
3.527225	0.493608
3.528606	0.495052
3.529986	0.496513
3.531366	0.497991
3.532747	0.499487
3.534127	0.501
3.535507	0.502529
3.536887	0.504076
3.538268	0.505639
3.539648	0.50722
3.541028	0.508817
3.542408	0.51043
3.543789	0.512061
3.545169	0.513707
3.546549	0.515371
3.547930	0.51705
3.549310	0.518746
3.550690	0.520458
3.552070	0.522186
3.553451	0.52393
3.554831	0.525691
3.556211	0.527467
3.557592	0.529259
3.558972	0.531066
3.560352	0.532889
3.561732	0.534728
3.563113	0.536582
3.564493	0.538452
3.565873	0.540337
3.567253	0.542237
3.568634	0.544152
3.570014	0.546082
3.571394	0.548026
3.572775	0.549986
3.574155	0.55196
3.575535	0.553949
3.576915	0.555952
3.578296	0.557969
3.579676	0.56
3.581056	0.562046
3.582436	0.564105
3.583817	0.566179
3.585197	0.568266
3.586577	0.570366
3.587958	0.57248
3.589338	0.574607
3.590718	0.576747
3.592098	0.578901
3.593479	0.581067
3.594859	0.583245
3.596239	0.585437
3.597620	0.58764
3.599000	0.589856
3.600380	0.592084
3.601760	0.594324
3.603141	0.596576
3.604521	0.598839
3.605901	0.601113
3.607281	0.603399
3.608662	0.605695
3.610042	0.608003
3.611422	0.610321
3.612803	0.61265
3.614183	0.614988
3.615563	0.617337
3.616943	0.619696
3.618324	0.622064
3.619704	0.624442
3.621084	0.626829
3.622464	0.629225
3.623845	0.63163
3.625225	0.634043
3.626605	0.636464
3.627986	0.638894
3.629366	0.641332
3.630746	0.643777
3.632126	0.646229
3.633507	0.648689
3.634887	0.651155
3.636267	0.653628
3.637648	0.656107
3.639028	0.658593
3.640408	0.661084
3.641788	0.663581
3.643169	0.666083
3.644549	0.66859
3.645929	0.671102
3.647309	0.673618
3.648690	0.676138
3.650070	0.678662
3.651450	0.68119
3.652831	0.683721
3.654211	0.686254
3.655591	0.688791
3.656971	0.69133
3.658352	0.693871
3.659732	0.696413
3.661112	0.698957
3.662492	0.701502
3.663873	0.704048
3.665253	0.706594
3.666633	0.70914
3.668014	0.711686
3.669394	0.714231
3.670774	0.716775
3.672154	0.719318
3.673535	0.72186
3.674915	0.724399
3.676295	0.726936
3.677676	0.729471
3.679056	0.732002
3.680436	0.73453
3.681816	0.737055
3.683197	0.739575
3.684577	0.742091
3.685957	0.744602
3.687337	0.747108
3.688718	0.749608
3.690098	0.752102
3.691478	0.754591
3.692859	0.757072
3.694239	0.759547
3.695619	0.762014
3.696999	0.764473
3.698380	0.766924
3.699760	0.769367
3.701140	0.771801
3.702521	0.774226
3.703901	0.776641
3.705281	0.779046
3.706661	0.781441
3.708042	0.783825
3.709422	0.786198
3.710802	0.78856
3.712182	0.790909
3.713563	0.793247
3.714943	0.795572
3.716323	0.797885
3.717704	0.800184
3.719084	0.802469
3.720464	0.80474
3.721844	0.806998
3.723225	0.80924
3.724605	0.811468
3.725985	0.81368
3.727365	0.815876
3.728746	0.818057
3.730126	0.820221
3.731506	0.822368
3.732887	0.824498
3.734267	0.826611
3.735647	0.828706
3.737027	0.830784
3.738408	0.832843
3.739788	0.834883
3.741168	0.836905
3.742549	0.838907
3.743929	0.840889
3.745309	0.842852
3.746689	0.844795
3.748070	0.846718
3.749450	0.848619
3.750830	0.8505
3.752210	0.85236
3.753591	0.854198
3.754971	0.856015
3.756351	0.857809
3.757732	0.859581
3.759112	0.861331
3.760492	0.863059
3.761872	0.864763
3.763253	0.866444
3.764633	0.868103
3.766013	0.869737
3.767393	0.871348
3.768774	0.872935
3.770154	0.874498
3.771534	0.876036
3.772915	0.877551
3.774295	0.87904
3.775675	0.880505
3.777055	0.881945
3.778436	0.88336
3.779816	0.88475
3.781196	0.886115
3.782577	0.887454
3.783957	0.888768
3.785337	0.890056
3.786717	0.891318
3.788098	0.892555
3.789478	0.893766
3.790858	0.894951
3.792238	0.89611
3.793619	0.897242
3.794999	0.898349
3.796379	0.899429
3.797760	0.900484
3.799140	0.901512
3.800520	0.902514
3.801900	0.903489
3.803281	0.904438
3.804661	0.905361
3.806041	0.906258
3.807421	0.907129
3.808802	0.907973
3.810182	0.908791
3.811562	0.909583
3.812943	0.910349
3.814323	0.911089
3.815703	0.911803
3.817083	0.912491
3.818464	0.913153
3.819844	0.913789
3.821224	0.914399
3.822605	0.914984
3.823985	0.915544
3.825365	0.916078
3.826745	0.916586
3.828126	0.91707
3.829506	0.917528
3.830886	0.917962
3.832266	0.918371
3.833647	0.918755
3.835027	0.919114
3.836407	0.91945
3.837788	0.919761
3.839168	0.920048
3.840548	0.920311
3.841928	0.92055
3.843309	0.920766
3.844689	0.920958
3.846069	0.921127
3.847449	0.921274
3.848830	0.921397
3.850210	0.921498
3.851590	0.921577
3.852971	0.921633
3.854351	0.921667
3.855731	0.92168
3.857111	0.921671
3.858492	0.92164
3.859872	0.921589
3.861252	0.921516
3.862633	0.921423
3.864013	0.92131
3.865393	0.921176
3.866773	0.921023
3.868154	0.920849
3.869534	0.920656
3.870914	0.920444
3.872294	0.920213
3.873675	0.919964
3.875055	0.919695
3.876435	0.919409
3.877816	0.919104
3.879196	0.918782
3.880576	0.918443
3.881956	0.918086
3.883337	0.917712
3.884717	0.917321
3.886097	0.916914
3.887477	0.916491
3.888858	0.916052
3.890238	0.915597
3.891618	0.915127
3.892999	0.914642
3.894379	0.914142
3.895759	0.913627
3.897139	0.913098
3.898520	0.912555
3.899900	0.911998
3.901280	0.911427
3.902661	0.910843
3.904041	0.910247
3.905421	0.909637
3.906801	0.909015
3.908182	0.908381
3.909562	0.907734
3.910942	0.907076
3.912322	0.906407
3.913703	0.905726
3.915083	0.905034
3.916463	0.904332
3.917844	0.903619
3.919224	0.902896
3.920604	0.902163
3.921984	0.901421
3.923365	0.900669
3.924745	0.899907
3.926125	0.899137
3.927506	0.898358
3.928886	0.897571
3.930266	0.896775
3.931646	0.895972
3.933027	0.89516
3.934407	0.894342
3.935787	0.893516
3.937167	0.892682
3.938548	0.891842
3.939928	0.890996
3.941308	0.890143
3.942689	0.889284
3.944069	0.888419
3.945449	0.887548
3.946829	0.886672
3.948210	0.885791
3.949590	0.884904
3.950970	0.884013
3.952350	0.883117
3.953731	0.882217
3.955111	0.881312
3.956491	0.880404
3.957872	0.879491
3.959252	0.878575
3.960632	0.877656
3.962012	0.876733
3.963393	0.875807
3.964773	0.874878
3.966153	0.873947
3.967534	0.873013
3.968914	0.872077
3.970294	0.871139
3.971674	0.870199
3.973055	0.869257
3.974435	0.868313
3.975815	0.867368
3.977195	0.866422
3.978576	0.865474
3.979956	0.864526
3.981336	0.863577
3.982717	0.862627
3.984097	0.861677
3.985477	0.860726
3.986857	0.859775
3.988238	0.858824
3.989618	0.857874
3.990998	0.856923
3.992378	0.855973
3.993759	0.855024
3.995139	0.854075
3.996519	0.853127
3.997900	0.85218
3.999280	0.851234
4.000660	0.850289
4.002040	0.849345
4.003421	0.848403
4.004801	0.847463
4.006181	0.846524
4.007562	0.845587
4.008942	0.844652
4.010322	0.843719
4.011702	0.842788
4.013083	0.84186
4.014463	0.840933
4.015843	0.84001
4.017223	0.839088
4.018604	0.83817
4.019984	0.837254
4.021364	0.836341
4.022745	0.835431
4.024125	0.834524
4.025505	0.833621
4.026885	0.83272
4.028266	0.831823
4.029646	0.830929
4.031026	0.830039
4.032406	0.829152
4.033787	0.828269
4.035167	0.82739
4.036547	0.826514
4.037928	0.825643
4.039308	0.824775
4.040688	0.823911
4.042068	0.823052
4.043449	0.822196
4.044829	0.821345
4.046209	0.820498
4.047590	0.819656
4.048970	0.818818
4.050350	0.817984
4.051730	0.817155
4.053111	0.816331
4.054491	0.815511
4.055871	0.814696
4.057251	0.813886
4.058632	0.81308
4.060012	0.81228
4.061392	0.811484
4.062773	0.810693
4.064153	0.809908
4.065533	0.809127
4.066913	0.808352
4.068294	0.807581
4.069674	0.806816
4.071054	0.806056
4.072434	0.805302
4.073815	0.804552
4.075195	0.803808
4.076575	0.80307
4.077956	0.802337
4.079336	0.801609
4.080716	0.800887
4.082096	0.80017
4.083477	0.799459
4.084857	0.798754
4.086237	0.798054
4.087618	0.797359
4.088998	0.796671
4.090378	0.795988
4.091758	0.795311
4.093139	0.794639
4.094519	0.793973
4.095899	0.793314
4.097279	0.792659
4.098660	0.792011
4.100040	0.791369
4.101420	0.790732
4.102801	0.790101
4.104181	0.789477
4.105561	0.788858
4.106941	0.788245
4.108322	0.787638
4.109702	0.787037
4.111082	0.786442
4.112462	0.785852
4.113843	0.785269
4.115223	0.784692
4.116603	0.784121
4.117984	0.783556
4.119364	0.782997
4.120744	0.782444
4.122124	0.781897
4.123505	0.781356
4.124885	0.780822
4.126265	0.780293
4.127646	0.77977
4.129026	0.779254
4.130406	0.778743
4.131786	0.778239
4.133167	0.77774
4.134547	0.777248
4.135927	0.776762
4.137307	0.776282
4.138688	0.775808
4.140068	0.77534
4.141448	0.774878
4.142829	0.774423
4.144209	0.773973
4.145589	0.773529
4.146969	0.773092
4.148350	0.772661
4.149730	0.772235
4.151110	0.771816
4.152490	0.771403
4.153871	0.770996
4.155251	0.770595
4.156631	0.7702
4.158012	0.769812
4.159392	0.769429
4.160772	0.769052
4.162152	0.768681
4.163533	0.768317
4.164913	0.767958
4.166293	0.767605
4.167674	0.767259
4.169054	0.766918
4.170434	0.766584
4.171814	0.766255
4.173195	0.765932
4.174575	0.765615
4.175955	0.765305
4.177335	0.765
4.178716	0.764701
4.180096	0.764408
4.181476	0.764121
4.182857	0.76384
4.184237	0.763564
4.185617	0.763295
4.186997	0.763031
4.188378	0.762774
4.189758	0.762522
4.191138	0.762276
4.192519	0.762036
4.193899	0.761801
4.195279	0.761573
4.196659	0.76135
4.198040	0.761132
4.199420	0.760921
4.200800	0.760715
4.202180	0.760515
4.203561	0.760321
4.204941	0.760133
4.206321	0.75995
4.207702	0.759772
4.209082	0.759601
4.210462	0.759435
4.211842	0.759274
4.213223	0.759119
4.214603	0.75897
4.215983	0.758827
4.217363	0.758688
4.218744	0.758556
4.220124	0.758429
4.221504	0.758307
4.222885	0.758191
4.224265	0.75808
4.225645	0.757975
4.227025	0.757875
4.228406	0.75778
4.229786	0.757691
4.231166	0.757607
4.232547	0.757529
4.233927	0.757456
4.235307	0.757388
4.236687	0.757325
4.238068	0.757268
4.239448	0.757216
4.240828	0.757169
4.242208	0.757128
4.243589	0.757091
4.244969	0.75706
4.246349	0.757034
4.247730	0.757013
4.249110	0.756997
4.250490	0.756987
4.251870	0.756981
4.253251	0.75698
4.254631	0.756985
4.256011	0.756994
4.257391	0.757008
4.258772	0.757028
4.260152	0.757052
4.261532	0.757081
4.262913	0.757115
4.264293	0.757154
4.265673	0.757198
4.267053	0.757247
4.268434	0.757301
4.269814	0.757359
4.271194	0.757422
4.272575	0.75749
4.273955	0.757562
4.275335	0.75764
4.276715	0.757722
4.278096	0.757808
4.279476	0.7579
4.280856	0.757996
4.282236	0.758096
4.283617	0.758201
4.284997	0.758311
4.286377	0.758425
4.287758	0.758544
4.289138	0.758667
4.290518	0.758795
4.291898	0.758927
4.293279	0.759063
4.294659	0.759204
4.296039	0.759349
4.297419	0.759499
4.298800	0.759653
4.300180	0.759811
4.301560	0.759974
4.302941	0.760141
4.304321	0.760312
4.305701	0.760487
4.307081	0.760666
4.308462	0.76085
4.309842	0.761038
4.311222	0.761229
4.312603	0.761425
4.313983	0.761625
4.315363	0.761829
4.316743	0.762037
4.318124	0.76225
4.319504	0.762466
4.320884	0.762685
4.322264	0.762909
4.323645	0.763137
4.325025	0.763369
4.326405	0.763604
4.327786	0.763844
4.329166	0.764087
4.330546	0.764334
4.331926	0.764584
4.333307	0.764839
4.334687	0.765097
4.336067	0.765359
4.337447	0.765624
4.338828	0.765893
4.340208	0.766166
4.341588	0.766442
4.342969	0.766722
4.344349	0.767005
4.345729	0.767292
4.347109	0.767582
4.348490	0.767876
4.349870	0.768173
4.351250	0.768473
4.352631	0.768777
4.354011	0.769085
4.355391	0.769395
4.356771	0.769709
4.358152	0.770026
4.359532	0.770347
4.360912	0.77067
4.362292	0.770997
4.363673	0.771327
4.365053	0.77166
4.366433	0.771996
4.367814	0.772336
4.369194	0.772678
4.370574	0.773023
4.371954	0.773372
4.373335	0.773723
4.374715	0.774077
4.376095	0.774435
4.377475	0.774795
4.378856	0.775158
4.380236	0.775524
4.381616	0.775893
4.382997	0.776264
4.384377	0.776638
4.385757	0.777015
4.387137	0.777395
4.388518	0.777778
4.389898	0.778163
4.391278	0.77855
4.392659	0.778941
4.394039	0.779334
4.395419	0.779729
4.396799	0.780127
4.398180	0.780528
4.399560	0.780931
4.400940	0.781336
4.402320	0.781744
4.403701	0.782154
4.405081	0.782567
4.406461	0.782982
4.407842	0.783399
4.409222	0.783818
4.410602	0.78424
4.411982	0.784664
4.413363	0.78509
4.414743	0.785519
4.416123	0.785949
4.417504	0.786382
4.418884	0.786817
4.420264	0.787253
4.421644	0.787692
4.423025	0.788133
4.424405	0.788576
4.425785	0.789021
4.427165	0.789467
4.428546	0.789916
4.429926	0.790366
4.431306	0.790818
4.432687	0.791273
4.434067	0.791728
4.435447	0.792186
4.436827	0.792645
4.438208	0.793106
4.439588	0.793569
4.440968	0.794034
4.442348	0.7945
4.443729	0.794967
4.445109	0.795436
4.446489	0.795907
4.447870	0.796379
4.449250	0.796853
4.450630	0.797328
4.452010	0.797804
4.453391	0.798282
4.454771	0.798762
4.456151	0.799242
4.457532	0.799724
4.458912	0.800207
4.460292	0.800692
4.461672	0.801177
4.463053	0.801664
4.464433	0.802152
4.465813	0.802641
4.467193	0.803132
4.468574	0.803623
4.469954	0.804116
4.471334	0.804609
4.472715	0.805103
4.474095	0.805599
4.475475	0.806095
4.476855	0.806592
4.478236	0.807091
4.479616	0.80759
4.480996	0.80809
4.482376	0.80859
4.483757	0.809092
4.485137	0.809594
4.486517	0.810097
4.487898	0.8106
4.489278	0.811105
4.490658	0.81161
4.492038	0.812115
4.493419	0.812621
4.494799	0.813128
4.496179	0.813635
4.497560	0.814143
4.498940	0.814651
4.500320	0.815159
4.501700	0.815668
4.503081	0.816178
4.504461	0.816688
4.505841	0.817198
4.507221	0.817708
4.508602	0.818219
4.509982	0.81873
4.511362	0.819241
4.512743	0.819752
4.514123	0.820264
4.515503	0.820775
4.516883	0.821287
4.518264	0.821799
4.519644	0.822311
4.521024	0.822823
4.522404	0.823335
4.523785	0.823847
4.525165	0.824359
4.526545	0.824871
4.527926	0.825383
4.529306	0.825894
4.530686	0.826406
4.532066	0.826917
4.533447	0.827428
4.534827	0.827939
4.536207	0.82845
4.537588	0.82896
4.538968	0.82947
4.540348	0.82998
4.541728	0.830489
4.543109	0.830998
4.544489	0.831507
4.545869	0.832015
4.547249	0.832523
4.548630	0.83303
4.550010	0.833537
4.551390	0.834043
4.552771	0.834549
4.554151	0.835054
4.555531	0.835558
4.556911	0.836062
4.558292	0.836565
4.559672	0.837068
4.561052	0.83757
4.562432	0.838071
4.563813	0.838571
4.565193	0.839071
4.566573	0.839569
4.567954	0.840067
4.569334	0.840564
4.570714	0.841061
4.572094	0.841556
4.573475	0.84205
4.574855	0.842544
4.576235	0.843036
4.577616	0.843528
4.578996	0.844018
4.580376	0.844508
4.581756	0.844996
4.583137	0.845484
4.584517	0.84597
4.585897	0.846455
4.587277	0.846939
4.588658	0.847422
4.590038	0.847904
4.591418	0.848384
4.592799	0.848863
4.594179	0.849341
4.595559	0.849818
4.596939	0.850294
4.598320	0.850768
4.599700	0.851241
4.601080	0.851712
4.602460	0.852182
4.603841	0.852651
4.605221	0.853118
4.606601	0.853584
4.607982	0.854048
4.609362	0.854511
4.610742	0.854973
4.612122	0.855433
4.613503	0.855891
4.614883	0.856348
4.616263	0.856803
4.617644	0.857257
4.619024	0.857709
4.620404	0.85816
4.621784	0.858609
4.623165	0.859056
4.624545	0.859501
4.625925	0.859945
4.627305	0.860387
4.628686	0.860828
4.630066	0.861266
4.631446	0.861703
4.632827	0.862138
4.634207	0.862572
4.635587	0.863003
4.636967	0.863433
4.638348	0.863861
4.639728	0.864287
4.641108	0.864711
4.642488	0.865134
4.643869	0.865554
4.645249	0.865972
4.646629	0.866389
4.648010	0.866804
4.649390	0.867216
4.650770	0.867627
4.652150	0.868036
4.653531	0.868442
4.654911	0.868847
4.656291	0.86925
4.657672	0.86965
4.659052	0.870049
4.660432	0.870446
4.661812	0.87084
4.663193	0.871232
4.664573	0.871623
4.665953	0.872011
4.667333	0.872397
4.668714	0.872781
4.670094	0.873162
4.671474	0.873542
4.672855	0.873919
4.674235	0.874295
4.675615	0.874668
4.676995	0.875038
4.678376	0.875407
4.679756	0.875773
4.681136	0.876138
4.682517	0.8765
4.683897	0.876859
4.685277	0.877217
4.686657	0.877572
4.688038	0.877925
4.689418	0.878275
4.690798	0.878624
4.692178	0.87897
4.693559	0.879313
4.694939	0.879655
4.696319	0.879994
4.697700	0.880331
4.699080	0.880665
4.700460	0.880997
4.701840	0.881327
4.703221	0.881654
4.704601	0.881979
4.705981	0.882302
4.707361	0.882622
4.708742	0.88294
4.710122	0.883255
4.711502	0.883568
4.712883	0.883879
4.714263	0.884187
4.715643	0.884493
4.717023	0.884797
4.718404	0.885098
4.719784	0.885396
4.721164	0.885693
4.722545	0.885986
4.723925	0.886278
4.725305	0.886567
4.726685	0.886853
4.728066	0.887137
4.729446	0.887419
4.730826	0.887698
4.732206	0.887975
4.733587	0.888249
4.734967	0.888521
4.736347	0.88879
4.737728	0.889057
4.739108	0.889322
4.740488	0.889584
4.741868	0.889844
4.743249	0.890101
4.744629	0.890355
4.746009	0.890608
4.747389	0.890857
4.748770	0.891105
4.750150	0.89135
4.751530	0.891592
4.752911	0.891832
4.754291	0.89207
4.755671	0.892305
4.757051	0.892537
4.758432	0.892767
4.759812	0.892995
4.761192	0.89322
4.762573	0.893443
4.763953	0.893664
4.765333	0.893882
4.766713	0.894097
4.768094	0.89431
4.769474	0.894521
4.770854	0.894729
4.772234	0.894935
4.773615	0.895138
4.774995	0.895339
4.776375	0.895538
4.777756	0.895734
4.779136	0.895928
4.780516	0.896119
4.781896	0.896308
4.783277	0.896495
4.784657	0.896679
4.786037	0.896861
4.787417	0.89704
4.788798	0.897217
4.790178	0.897392
4.791558	0.897564
4.792939	0.897734
4.794319	0.897902
4.795699	0.898067
4.797079	0.89823
4.798460	0.898391
4.799840	0.898549
4.801220	0.898705
4.802601	0.898859
4.803981	0.89901
4.805361	0.899159
4.806741	0.899306
4.808122	0.899451
4.809502	0.899593
4.810882	0.899733
4.812262	0.899871
4.813643	0.900006
4.815023	0.900139
4.816403	0.90027
4.817784	0.900399
4.819164	0.900526
4.820544	0.90065
4.821924	0.900772
4.823305	0.900892
4.824685	0.90101
4.826065	0.901125
4.827445	0.901239
4.828826	0.90135
4.830206	0.901459
4.831586	0.901566
4.832967	0.901671
4.834347	0.901774
4.835727	0.901874
4.837107	0.901973
4.838488	0.902069
4.839868	0.902164
4.841248	0.902256
4.842629	0.902346
4.844009	0.902435
4.845389	0.902521
4.846769	0.902605
4.848150	0.902687
4.849530	0.902767
4.850910	0.902845
4.852290	0.902922
4.853671	0.902996
4.855051	0.903068
4.856431	0.903138
4.857812	0.903207
4.859192	0.903273
4.860572	0.903338
4.861952	0.9034
4.863333	0.903461
4.864713	0.90352
4.866093	0.903577
4.867473	0.903632
4.868854	0.903685
4.870234	0.903737
4.871614	0.903786
4.872995	0.903834
4.874375	0.90388
4.875755	0.903924
4.877135	0.903967
4.878516	0.904007
4.879896	0.904046
4.881276	0.904084
4.882657	0.904119
4.884037	0.904153
4.885417	0.904185
4.886797	0.904216
4.888178	0.904244
4.889558	0.904271
4.890938	0.904297
4.892318	0.904321
4.893699	0.904343
4.895079	0.904364
4.896459	0.904383
4.897840	0.9044
4.899220	0.904416
4.900600	0.90443
4.901980	0.904443
4.903361	0.904454
4.904741	0.904464
4.906121	0.904472
4.907502	0.904479
4.908882	0.904484
4.910262	0.904488
4.911642	0.904491
4.913023	0.904492
4.914403	0.904491
4.915783	0.904489
4.917163	0.904486
4.918544	0.904481
4.919924	0.904476
4.921304	0.904468
4.922685	0.904459
4.924065	0.90445
4.925445	0.904438
4.926825	0.904426
4.928206	0.904412
4.929586	0.904397
4.930966	0.90438
4.932346	0.904363
4.933727	0.904344
4.935107	0.904324
4.936487	0.904302
4.937868	0.90428
4.939248	0.904256
4.940628	0.904231
4.942008	0.904205
4.943389	0.904178
4.944769	0.90415
4.946149	0.904121
4.947530	0.90409
4.948910	0.904059
4.950290	0.904026
4.951670	0.903993
4.953051	0.903958
4.954431	0.903923
4.955811	0.903886
4.957191	0.903848
4.958572	0.90381
4.959952	0.90377
4.961332	0.90373
4.962713	0.903688
4.964093	0.903646
4.965473	0.903602
4.966853	0.903558
4.968234	0.903513
4.969614	0.903467
4.970994	0.90342
4.972374	0.903373
4.973755	0.903324
4.975135	0.903275
4.976515	0.903225
4.977896	0.903174
4.979276	0.903122
4.980656	0.903069
4.982036	0.903016
4.983417	0.902962
4.984797	0.902907
4.986177	0.902852
4.987558	0.902796
4.988938	0.902739
4.990318	0.902682
4.991698	0.902623
4.993079	0.902565
4.994459	0.902505
4.995839	0.902445
4.997219	0.902384
4.998600	0.902323
4.999980	0.902261
5.001360	0.902199
5.002741	0.902136
5.004121	0.902072
5.005501	0.902008
5.006881	0.901944
5.008262	0.901878
5.009642	0.901813
5.011022	0.901747
5.012402	0.90168
5.013783	0.901613
5.015163	0.901546
5.016543	0.901478
5.017924	0.901409
5.019304	0.901341
5.020684	0.901272
5.022064	0.901202
5.023445	0.901132
5.024825	0.901062
5.026205	0.900991
5.027586	0.90092
5.028966	0.900849
5.030346	0.900777
5.031726	0.900705
5.033107	0.900633
5.034487	0.900561
5.035867	0.900488
5.037247	0.900415
5.038628	0.900341
5.040008	0.900268
5.041388	0.900194
5.042769	0.90012
5.044149	0.900046
5.045529	0.899972
5.046909	0.899897
5.048290	0.899822
5.049670	0.899747
5.051050	0.899672
5.052430	0.899597
5.053811	0.899522
5.055191	0.899446
5.056571	0.899371
5.057952	0.899295
5.059332	0.899219
5.060712	0.899144
5.062092	0.899068
5.063473	0.898992
5.064853	0.898916
5.066233	0.89884
5.067614	0.898764
5.068994	0.898688
5.070374	0.898611
5.071754	0.898535
5.073135	0.898459
5.074515	0.898383
5.075895	0.898307
5.077275	0.898231
5.078656	0.898155
5.080036	0.898079
5.081416	0.898004
5.082797	0.897928
5.084177	0.897852
5.085557	0.897777
5.086937	0.897701
5.088318	0.897626
5.089698	0.897551
5.091078	0.897476
5.092458	0.897401
5.093839	0.897326
5.095219	0.897251
5.096599	0.897177
5.097980	0.897103
5.099360	0.897029
5.100740	0.896955
5.102120	0.896881
5.103501	0.896808
5.104881	0.896734
5.106261	0.896661
5.107642	0.896588
5.109022	0.896516
5.110402	0.896443
5.111782	0.896371
5.113163	0.8963
5.114543	0.896228
5.115923	0.896157
5.117303	0.896086
5.118684	0.896015
5.120064	0.895945
5.121444	0.895875
5.122825	0.895805
5.124205	0.895735
5.125585	0.895666
5.126965	0.895597
5.128346	0.895529
5.129726	0.895461
5.131106	0.895393
5.132486	0.895326
5.133867	0.895259
5.135247	0.895192
5.136627	0.895126
5.138008	0.89506
5.139388	0.894995
5.140768	0.89493
5.142148	0.894865
5.143529	0.894801
5.144909	0.894737
5.146289	0.894673
5.147670	0.894611
5.149050	0.894548
5.150430	0.894486
5.151810	0.894424
5.153191	0.894363
5.154571	0.894302
5.155951	0.894242
5.157331	0.894182
5.158712	0.894123
5.160092	0.894064
5.161472	0.894006
5.162853	0.893948
5.164233	0.893891
5.165613	0.893834
5.166993	0.893778
5.168374	0.893722
5.169754	0.893667
5.171134	0.893612
5.172515	0.893558
5.173895	0.893504
5.175275	0.893451
5.176655	0.893398
5.178036	0.893346
5.179416	0.893295
5.180796	0.893244
5.182176	0.893193
5.183557	0.893144
5.184937	0.893094
5.186317	0.893046
5.187698	0.892997
5.189078	0.89295
5.190458	0.892903
5.191838	0.892857
5.193219	0.892811
5.194599	0.892766
5.195979	0.892721
5.197359	0.892677
5.198740	0.892634
5.200120	0.892591
5.201500	0.892549
5.202881	0.892507
5.204261	0.892466
5.205641	0.892426
5.207021	0.892386
5.208402	0.892347
5.209782	0.892309
5.211162	0.892271
5.212543	0.892234
5.213923	0.892197
5.215303	0.892161
5.216683	0.892126
5.218064	0.892091
5.219444	0.892057
5.220824	0.892024
5.222204	0.891991
5.223585	0.891959
5.224965	0.891928
5.226345	0.891897
5.227726	0.891867
5.229106	0.891838
5.230486	0.891809
5.231866	0.891781
5.233247	0.891754
5.234627	0.891727
5.236007	0.891701
5.237387	0.891676
5.238768	0.891651
5.240148	0.891627
5.241528	0.891604
5.242909	0.891581
5.244289	0.891559
5.245669	0.891538
5.247049	0.891518
5.248430	0.891498
5.249810	0.891479
5.251190	0.89146
5.252571	0.891442
5.253951	0.891425
5.255331	0.891409
5.256711	0.891393
5.258092	0.891378
5.259472	0.891364
5.260852	0.89135
5.262232	0.891337
5.263613	0.891325
5.264993	0.891313
5.266373	0.891302
5.267754	0.891292
5.269134	0.891283
5.270514	0.891274
5.271894	0.891266
5.273275	0.891259
5.274655	0.891252
5.276035	0.891246
5.277415	0.891241
5.278796	0.891236
5.280176	0.891232
5.281556	0.891229
5.282937	0.891227
5.284317	0.891225
5.285697	0.891224
5.287077	0.891223
5.288458	0.891224
5.289838	0.891225
5.291218	0.891227
5.292599	0.891229
5.293979	0.891232
5.295359	0.891236
5.296739	0.891241
5.298120	0.891246
5.299500	0.891252
5.300880	0.891258
5.302260	0.891266
5.303641	0.891274
5.305021	0.891282
5.306401	0.891292
5.307782	0.891302
5.309162	0.891313
5.310542	0.891324
5.311922	0.891336
5.313303	0.891349
5.314683	0.891363
5.316063	0.891377
5.317443	0.891392
5.318824	0.891407
5.320204	0.891424
5.321584	0.89144
5.322965	0.891458
5.324345	0.891476
5.325725	0.891495
5.327105	0.891515
5.328486	0.891535
5.329866	0.891556
5.331246	0.891578
5.332627	0.8916
5.334007	0.891623
5.335387	0.891647
5.336767	0.891671
5.338148	0.891696
5.339528	0.891722
5.340908	0.891748
5.342288	0.891775
5.343669	0.891802
5.345049	0.891831
5.346429	0.891859
5.347810	0.891889
5.349190	0.891919
5.350570	0.89195
5.351950	0.891981
5.353331	0.892013
5.354711	0.892046
5.356091	0.892079
5.357471	0.892113
5.358852	0.892148
5.360232	0.892183
5.361612	0.892219
5.362993	0.892255
5.364373	0.892292
5.365753	0.89233
5.367133	0.892368
5.368514	0.892407
5.369894	0.892447
5.371274	0.892487
5.372655	0.892528
5.374035	0.892569
5.375415	0.892611
5.376795	0.892653
5.378176	0.892696
5.379556	0.89274
5.380936	0.892784
5.382316	0.892829
5.383697	0.892874
5.385077	0.89292
5.386457	0.892967
5.387838	0.893014
5.389218	0.893062
5.390598	0.89311
5.391978	0.893159
5.393359	0.893208
5.394739	0.893258
5.396119	0.893308
5.397499	0.893359
5.398880	0.893411
5.400260	0.893463
5.401640	0.893515
5.403021	0.893568
5.404401	0.893622
5.405781	0.893676
5.407161	0.893731
5.408542	0.893786
5.409922	0.893842
5.411302	0.893898
5.412683	0.893955
5.414063	0.894012
5.415443	0.89407
5.416823	0.894128
5.418204	0.894187
5.419584	0.894246
5.420964	0.894306
5.422344	0.894366
5.423725	0.894426
5.425105	0.894487
5.426485	0.894549
5.427866	0.894611
5.429246	0.894674
5.430626	0.894737
5.432006	0.8948
5.433387	0.894864
5.434767	0.894928
5.436147	0.894993
5.437528	0.895058
5.438908	0.895124
5.440288	0.89519
5.441668	0.895256
5.443049	0.895323
5.444429	0.89539
5.445809	0.895458
5.447189	0.895526
5.448570	0.895595
5.449950	0.895664
5.451330	0.895733
5.452711	0.895803
5.454091	0.895873
5.455471	0.895943
5.456851	0.896014
5.458232	0.896085
5.459612	0.896157
5.460992	0.896229
5.462372	0.896301
5.463753	0.896374
5.465133	0.896447
5.466513	0.89652
5.467894	0.896594
5.469274	0.896668
5.470654	0.896743
5.472034	0.896817
5.473415	0.896892
5.474795	0.896968
5.476175	0.897043
5.477556	0.897119
5.478936	0.897196
5.480316	0.897272
5.481696	0.897349
5.483077	0.897427
5.484457	0.897504
5.485837	0.897582
5.487217	0.89766
5.488598	0.897738
5.489978	0.897817
5.491358	0.897896
5.492739	0.897975
5.494119	0.898054
5.495499	0.898134
5.496879	0.898214
5.498260	0.898294
5.499640	0.898374
5.501020	0.898455
5.502400	0.898536
5.503781	0.898617
5.505161	0.898698
5.506541	0.89878
5.507922	0.898862
5.509302	0.898943
5.510682	0.899026
5.512062	0.899108
5.513443	0.89919
5.514823	0.899273
5.516203	0.899356
5.517584	0.899439
5.518964	0.899522
5.520344	0.899606
5.521724	0.899689
5.523105	0.899773
5.524485	0.899857
5.525865	0.899941
5.527245	0.900025
5.528626	0.90011
5.530006	0.900194
5.531386	0.900279
5.532767	0.900364
5.534147	0.900448
5.535527	0.900533
5.536907	0.900618
5.538288	0.900704
5.539668	0.900789
5.541048	0.900874
5.542428	0.90096
5.543809	0.901045
5.545189	0.901131
5.546569	0.901217
5.547950	0.901303
5.549330	0.901389
5.550710	0.901475
5.552090	0.901561
5.553471	0.901647
5.554851	0.901733
5.556231	0.901819
5.557612	0.901905
5.558992	0.901991
5.560372	0.902078
5.561752	0.902164
5.563133	0.90225
5.564513	0.902337
5.565893	0.902423
5.567273	0.902509
5.568654	0.902596
5.570034	0.902682
5.571414	0.902769
5.572795	0.902855
5.574175	0.902941
5.575555	0.903028
5.576935	0.903114
5.578316	0.9032
5.579696	0.903287
5.581076	0.903373
5.582456	0.903459
5.583837	0.903545
5.585217	0.903631
5.586597	0.903717
5.587978	0.903803
5.589358	0.903889
5.590738	0.903975
5.592118	0.904061
5.593499	0.904146
5.594879	0.904232
5.596259	0.904317
5.597640	0.904403
5.599020	0.904488
5.600400	0.904573
5.601780	0.904659
5.603161	0.904744
5.604541	0.904828
5.605921	0.904913
5.607301	0.904998
5.608682	0.905082
5.610062	0.905167
5.611442	0.905251
5.612823	0.905335
5.614203	0.905419
5.615583	0.905503
5.616963	0.905587
5.618344	0.90567
5.619724	0.905754
5.621104	0.905837
5.622484	0.90592
5.623865	0.906003
5.625245	0.906085
5.626625	0.906168
5.628006	0.90625
5.629386	0.906332
5.630766	0.906414
5.632146	0.906496
5.633527	0.906577
5.634907	0.906659
5.636287	0.90674
5.637668	0.906821
5.639048	0.906901
5.640428	0.906982
5.641808	0.907062
5.643189	0.907142
5.644569	0.907222
5.645949	0.907301
5.647329	0.907381
5.648710	0.90746
5.650090	0.907538
5.651470	0.907617
5.652851	0.907695
5.654231	0.907773
5.655611	0.907851
5.656991	0.907928
5.658372	0.908005
5.659752	0.908082
5.661132	0.908159
5.662513	0.908235
5.663893	0.908311
5.665273	0.908387
5.666653	0.908462
5.668034	0.908538
5.669414	0.908612
5.670794	0.908687
5.672174	0.908761
5.673555	0.908835
5.674935	0.908909
5.676315	0.908982
5.677696	0.909055
5.679076	0.909128
5.680456	0.9092
5.681836	0.909272
5.683217	0.909343
5.684597	0.909415
5.685977	0.909486
5.687357	0.909556
5.688738	0.909626
5.690118	0.909696
5.691498	0.909766
5.692879	0.909835
5.694259	0.909904
5.695639	0.909972
5.697019	0.91004
5.698400	0.910108
5.699780	0.910175
5.701160	0.910242
5.702541	0.910308
5.703921	0.910375
5.705301	0.91044
5.706681	0.910506
5.708062	0.910571
5.709442	0.910635
5.710822	0.910699
5.712202	0.910763
5.713583	0.910826
5.714963	0.910889
5.716343	0.910952
5.717724	0.911014
5.719104	0.911076
5.720484	0.911137
5.721864	0.911198
5.723245	0.911258
5.724625	0.911318
5.726005	0.911378
5.727385	0.911437
5.728766	0.911495
5.730146	0.911554
5.731526	0.911611
5.732907	0.911669
5.734287	0.911726
5.735667	0.911782
5.737047	0.911838
5.738428	0.911894
5.739808	0.911949
5.741188	0.912003
5.742569	0.912057
5.743949	0.912111
5.745329	0.912164
5.746709	0.912217
5.748090	0.912269
5.749470	0.912321
5.750850	0.912373
5.752230	0.912424
5.753611	0.912474
5.754991	0.912524
5.756371	0.912573
5.757752	0.912622
5.759132	0.912671
5.760512	0.912719
5.761892	0.912766
5.763273	0.912813
5.764653	0.91286
5.766033	0.912906
5.767413	0.912951
5.768794	0.912996
5.770174	0.913041
5.771554	0.913085
5.772935	0.913128
5.774315	0.913171
5.775695	0.913214
5.777075	0.913256
5.778456	0.913297
5.779836	0.913338
5.781216	0.913378
5.782597	0.913418
5.783977	0.913458
5.785357	0.913497
5.786737	0.913535
5.788118	0.913573
5.789498	0.91361
5.790878	0.913647
5.792258	0.913683
5.793639	0.913719
5.795019	0.913754
5.796399	0.913789
5.797780	0.913823
5.799160	0.913857
5.800540	0.91389
5.801920	0.913923
5.803301	0.913955
5.804681	0.913986
5.806061	0.914017
5.807441	0.914048
5.808822	0.914077
5.810202	0.914107
5.811582	0.914136
5.812963	0.914164
5.814343	0.914192
5.815723	0.914219
5.817103	0.914246
5.818484	0.914272
5.819864	0.914297
5.821244	0.914323
5.822625	0.914347
5.824005	0.914371
5.825385	0.914394
5.826765	0.914417
5.828146	0.91444
5.829526	0.914462
5.830906	0.914483
5.832286	0.914504
5.833667	0.914524
5.835047	0.914543
5.836427	0.914562
5.837808	0.914581
5.839188	0.914599
5.840568	0.914616
5.841948	0.914633
5.843329	0.91465
5.844709	0.914665
5.846089	0.914681
5.847469	0.914695
5.848850	0.91471
5.850230	0.914723
5.851610	0.914736
5.852991	0.914749
5.854371	0.914761
5.855751	0.914772
5.857131	0.914783
5.858512	0.914793
5.859892	0.914803
5.861272	0.914812
5.862653	0.914821
5.864033	0.914829
5.865413	0.914837
5.866793	0.914844
5.868174	0.914851
5.869554	0.914857
5.870934	0.914862
5.872314	0.914867
5.873695	0.914871
5.875075	0.914875
5.876455	0.914878
5.877836	0.914881
5.879216	0.914883
5.880596	0.914885
5.881976	0.914886
5.883357	0.914887
5.884737	0.914887
5.886117	0.914886
5.887497	0.914885
5.888878	0.914884
5.890258	0.914882
5.891638	0.914879
5.893019	0.914876
5.894399	0.914872
5.895779	0.914868
5.897159	0.914863
5.898540	0.914858
5.899920	0.914853
5.901300	0.914846
5.902681	0.914839
5.904061	0.914832
5.905441	0.914824
5.906821	0.914816
5.908202	0.914807
5.909582	0.914798
5.910962	0.914788
5.912342	0.914777
5.913723	0.914766
5.915103	0.914755
5.916483	0.914743
5.917864	0.914731
5.919244	0.914718
5.920624	0.914704
5.922004	0.91469
5.923385	0.914676
5.924765	0.914661
5.926145	0.914645
5.927526	0.914629
5.928906	0.914613
5.930286	0.914596
5.931666	0.914578
5.933047	0.914561
5.934427	0.914542
5.935807	0.914523
5.937187	0.914504
5.938568	0.914484
5.939948	0.914464
5.941328	0.914443
5.942709	0.914421
5.944089	0.9144
5.945469	0.914377
5.946849	0.914355
5.948230	0.914331
5.949610	0.914308
5.950990	0.914284
5.952370	0.914259
5.953751	0.914234
5.955131	0.914209
5.956511	0.914183
5.957892	0.914156
5.959272	0.914129
5.960652	0.914102
5.962032	0.914074
5.963413	0.914046
5.964793	0.914017
5.966173	0.913988
5.967554	0.913959
5.968934	0.913929
5.970314	0.913898
5.971694	0.913867
5.973075	0.913836
5.974455	0.913804
5.975835	0.913772
5.977215	0.91374
5.978596	0.913707
5.979976	0.913673
5.981356	0.91364
5.982737	0.913605
5.984117	0.913571
5.985497	0.913536
5.986877	0.9135
5.988258	0.913464
5.989638	0.913428
5.991018	0.913391
5.992398	0.913354
5.993779	0.913317
5.995159	0.913279
5.996539	0.913241
5.997920	0.913202
5.999300	0.913163
6.000680	0.913124
6.002060	0.913084
6.003441	0.913044
6.004821	0.913004
6.006201	0.912963
6.007582	0.912922
6.008962	0.91288
6.010342	0.912838
6.011722	0.912796
6.013103	0.912753
6.014483	0.91271
6.015863	0.912667
6.017243	0.912623
6.018624	0.912579
6.020004	0.912535
6.021384	0.91249
6.022765	0.912445
6.024145	0.9124
6.025525	0.912354
6.026905	0.912308
6.028286	0.912262
6.029666	0.912215
6.031046	0.912168
6.032426	0.912121
6.033807	0.912074
6.035187	0.912026
6.036567	0.911977
6.037948	0.911929
6.039328	0.91188
6.040708	0.911831
6.042088	0.911782
6.043469	0.911732
6.044849	0.911682
6.046229	0.911632
6.047610	0.911581
6.048990	0.911531
6.050370	0.91148
6.051750	0.911428
6.053131	0.911377
6.054511	0.911325
6.055891	0.911273
6.057271	0.911221
6.058652	0.911168
6.060032	0.911115
6.061412	0.911062
6.062793	0.911009
6.064173	0.910955
6.065553	0.910901
6.066933	0.910847
6.068314	0.910793
6.069694	0.910739
6.071074	0.910684
6.072454	0.910629
6.073835	0.910574
6.075215	0.910519
6.076595	0.910463
6.077976	0.910407
6.079356	0.910351
6.080736	0.910295
6.082116	0.910239
6.083497	0.910182
6.084877	0.910126
6.086257	0.910069
6.087638	0.910012
6.089018	0.909954
6.090398	0.909897
6.091778	0.909839
6.093159	0.909781
6.094539	0.909724
6.095919	0.909665
6.097299	0.909607
6.098680	0.909549
6.100060	0.90949
6.101440	0.909432
6.102821	0.909373
6.104201	0.909314
6.105581	0.909255
6.106961	0.909195
6.108342	0.909136
6.109722	0.909076
6.111102	0.909017
6.112482	0.908957
6.113863	0.908897
6.115243	0.908837
6.116623	0.908777
6.118004	0.908717
6.119384	0.908657
6.120764	0.908596
6.122144	0.908536
6.123525	0.908475
6.124905	0.908415
6.126285	0.908354
6.127666	0.908293
6.129046	0.908232
6.130426	0.908171
6.131806	0.90811
6.133187	0.908049
6.134567	0.907988
6.135947	0.907927
6.137327	0.907866
6.138708	0.907804
6.140088	0.907743
6.141468	0.907682
6.142849	0.90762
6.144229	0.907559
6.145609	0.907497
6.146989	0.907436
6.148370	0.907374
6.149750	0.907312
6.151130	0.907251
6.152511	0.907189
6.153891	0.907128
6.155271	0.907066
6.156651	0.907004
6.158032	0.906943
6.159412	0.906881
6.160792	0.906819
6.162172	0.906758
6.163553	0.906696
6.164933	0.906635
6.166313	0.906573
6.167694	0.906511
6.169074	0.90645
6.170454	0.906388
6.171834	0.906327
6.173215	0.906266
6.174595	0.906204
6.175975	0.906143
6.177355	0.906081
6.178736	0.90602
6.180116	0.905959
6.181496	0.905898
6.182877	0.905837
6.184257	0.905776
6.185637	0.905715
6.187017	0.905654
6.188398	0.905593
6.189778	0.905533
6.191158	0.905472
6.192539	0.905411
6.193919	0.905351
6.195299	0.905291
6.196679	0.90523
6.198060	0.90517
6.199440	0.90511
6.200820	0.90505
6.202200	0.90499
6.203581	0.904931
6.204961	0.904871
6.206341	0.904812
6.207722	0.904752
6.209102	0.904693
6.210482	0.904634
6.211862	0.904575
6.213243	0.904516
6.214623	0.904457
6.216003	0.904399
6.217383	0.90434
6.218764	0.904282
6.220144	0.904224
6.221524	0.904166
6.222905	0.904108
6.224285	0.904051
6.225665	0.903993
6.227045	0.903936
6.228426	0.903879
6.229806	0.903822
6.231186	0.903765
6.232567	0.903709
6.233947	0.903652
6.235327	0.903596
6.236707	0.90354
6.238088	0.903484
6.239468	0.903429
6.240848	0.903373
6.242228	0.903318
6.243609	0.903263
6.244989	0.903208
6.246369	0.903154
6.247750	0.903099
6.249130	0.903045
6.250510	0.902991
6.251890	0.902938
6.253271	0.902884
6.254651	0.902831
6.256031	0.902778
6.257411	0.902725
6.258792	0.902673
6.260172	0.902621
6.261552	0.902569
6.262933	0.902517
6.264313	0.902465
6.265693	0.902414
6.267073	0.902363
6.268454	0.902312
6.269834	0.902262
6.271214	0.902212
6.272595	0.902162
6.273975	0.902112
6.275355	0.902063
6.276735	0.902014
6.278116	0.901965
6.279496	0.901917
6.280876	0.901868
6.282256	0.901821
6.283637	0.901773
6.285017	0.901726
6.286397	0.901679
6.287778	0.901632
6.289158	0.901586
6.290538	0.901539
6.291918	0.901494
6.293299	0.901448
6.294679	0.901403
6.296059	0.901358
6.297439	0.901314
6.298820	0.90127
6.300200	0.901226
6.301580	0.901182
6.302961	0.901139
6.304341	0.901096
6.305721	0.901054
6.307101	0.901012
6.308482	0.90097
6.309862	0.900928
6.311242	0.900887
6.312623	0.900846
6.314003	0.900806
6.315383	0.900766
6.316763	0.900726
6.318144	0.900687
6.319524	0.900648
6.320904	0.900609
6.322284	0.900571
6.323665	0.900533
6.325045	0.900496
6.326425	0.900459
6.327806	0.900422
6.329186	0.900386
6.330566	0.90035
6.331946	0.900314
6.333327	0.900279
6.334707	0.900244
6.336087	0.90021
6.337467	0.900176
6.338848	0.900143
6.340228	0.900109
6.341608	0.900077
6.342989	0.900044
6.344369	0.900012
6.345749	0.899981
6.347129	0.89995
6.348510	0.899919
6.349890	0.899889
6.351270	0.899859
6.352651	0.899829
6.354031	0.8998
6.355411	0.899772
6.356791	0.899744
6.358172	0.899716
6.359552	0.899689
6.360932	0.899662
6.362312	0.899635
6.363693	0.899609
6.365073	0.899584
6.366453	0.899559
6.367834	0.899534
6.369214	0.89951
6.370594	0.899486
6.371974	0.899463
6.373355	0.89944
6.374735	0.899417
6.376115	0.899396
6.377495	0.899374
6.378876	0.899353
6.380256	0.899332
6.381636	0.899312
6.383017	0.899293
6.384397	0.899274
6.385777	0.899255
6.387157	0.899237
6.388538	0.899219
6.389918	0.899202
6.391298	0.899185
6.392679	0.899169
6.394059	0.899153
6.395439	0.899137
6.396819	0.899123
6.398200	0.899108
6.399580	0.899094
6.400960	0.899081
6.402340	0.899068
6.403721	0.899056
6.405101	0.899044
6.406481	0.899032
6.407862	0.899021
6.409242	0.899011
6.410622	0.899001
6.412002	0.898992
6.413383	0.898983
6.414763	0.898974
6.416143	0.898967
6.417524	0.898959
6.418904	0.898952
6.420284	0.898946
6.421664	0.89894
6.423045	0.898935
6.424425	0.89893
6.425805	0.898926
6.427185	0.898922
6.428566	0.898919
6.429946	0.898916
6.431326	0.898914
6.432707	0.898912
6.434087	0.898911
6.435467	0.89891
6.436847	0.89891
6.438228	0.89891
6.439608	0.898911
6.440988	0.898913
6.442368	0.898915
6.443749	0.898917
6.445129	0.89892
6.446509	0.898924
6.447890	0.898928
6.449270	0.898933
6.450650	0.898938
6.452030	0.898944
6.453411	0.89895
6.454791	0.898957
6.456171	0.898965
6.457552	0.898972
6.458932	0.898981
6.460312	0.89899
6.461692	0.899
6.463073	0.89901
6.464453	0.89902
6.465833	0.899032
6.467213	0.899043
6.468594	0.899056
6.469974	0.899069
6.471354	0.899082
6.472735	0.899096
6.474115	0.899111
6.475495	0.899126
6.476875	0.899141
6.478256	0.899158
6.479636	0.899174
6.481016	0.899192
6.482396	0.89921
6.483777	0.899228
6.485157	0.899247
6.486537	0.899267
6.487918	0.899287
6.489298	0.899308
6.490678	0.899329
6.492058	0.899351
6.493439	0.899373
6.494819	0.899396
6.496199	0.89942
6.497580	0.899444
6.498960	0.899468
6.500340	0.899494
6.501720	0.899519
6.503101	0.899546
6.504481	0.899573
6.505861	0.8996
6.507241	0.899628
6.508622	0.899657
6.510002	0.899686
6.511382	0.899716
6.512763	0.899746
6.514143	0.899777
6.515523	0.899809
6.516903	0.899841
6.518284	0.899873
6.519664	0.899907
6.521044	0.899941
6.522424	0.899975
6.523805	0.90001
6.525185	0.900045
6.526565	0.900081
6.527946	0.900118
6.529326	0.900155
6.530706	0.900193
6.532086	0.900232
6.533467	0.900271
6.534847	0.90031
6.536227	0.90035
6.537608	0.900391
6.538988	0.900432
6.540368	0.900474
6.541748	0.900516
6.543129	0.900559
6.544509	0.900603
6.545889	0.900647
6.547269	0.900692
6.548650	0.900737
6.550030	0.900783
6.551410	0.90083
6.552791	0.900877
6.554171	0.900924
6.555551	0.900972
6.556931	0.901021
6.558312	0.90107
6.559692	0.90112
6.561072	0.901171
6.562452	0.901222
6.563833	0.901273
6.565213	0.901326
6.566593	0.901378
6.567974	0.901432
6.569354	0.901486
6.570734	0.90154
6.572114	0.901595
6.573495	0.901651
6.574875	0.901707
6.576255	0.901764
6.577636	0.901821
6.579016	0.901879
6.580396	0.901937
6.581776	0.901996
6.583157	0.902056
6.584537	0.902116
6.585917	0.902177
6.587297	0.902238
6.588678	0.9023
6.590058	0.902362
6.591438	0.902425
6.592819	0.902489
6.594199	0.902553
6.595579	0.902618
6.596959	0.902683
6.598340	0.902749
6.599720	0.902815
6.601100	0.902882
6.602480	0.90295
6.603861	0.903018
6.605241	0.903086
6.606621	0.903155
6.608002	0.903225
6.609382	0.903295
6.610762	0.903366
6.612142	0.903438
6.613523	0.90351
6.614903	0.903582
6.616283	0.903655
6.617664	0.903729
6.619044	0.903803
6.620424	0.903878
6.621804	0.903953
6.623185	0.904029
6.624565	0.904105
6.625945	0.904182
6.627325	0.904259
6.628706	0.904337
6.630086	0.904416
6.631466	0.904495
6.632847	0.904574
6.634227	0.904654
6.635607	0.904735
6.636987	0.904816
6.638368	0.904898
6.639748	0.90498
6.641128	0.905063
6.642509	0.905147
6.643889	0.90523
6.645269	0.905315
6.646649	0.9054
6.648030	0.905485
6.649410	0.905571
6.650790	0.905658
6.652170	0.905745
6.653551	0.905832
6.654931	0.90592
6.656311	0.906009
6.657692	0.906098
6.659072	0.906188
6.660452	0.906278
6.661832	0.906369
6.663213	0.90646
6.664593	0.906552
6.665973	0.906644
6.667353	0.906737
6.668734	0.90683
6.670114	0.906924
6.671494	0.907018
6.672875	0.907113
6.674255	0.907208
6.675635	0.907304
6.677015	0.9074
6.678396	0.907497
6.679776	0.907594
6.681156	0.907692
6.682537	0.90779
6.683917	0.907889
6.685297	0.907988
6.686677	0.908087
6.688058	0.908188
6.689438	0.908288
6.690818	0.90839
6.692198	0.908491
6.693579	0.908593
6.694959	0.908696
6.696339	0.908799
6.697720	0.908903
6.699100	0.909007
6.700480	0.909111
6.701860	0.909216
6.703241	0.909322
6.704621	0.909427
6.706001	0.909534
6.707381	0.909641
6.708762	0.909748
6.710142	0.909856
6.711522	0.909964
6.712903	0.910073
6.714283	0.910182
6.715663	0.910291
6.717043	0.910401
6.718424	0.910512
6.719804	0.910623
6.721184	0.910734
6.722565	0.910846
6.723945	0.910958
6.725325	0.911071
6.726705	0.911184
6.728086	0.911297
6.729466	0.911411
6.730846	0.911526
6.732226	0.911641
6.733607	0.911756
6.734987	0.911872
6.736367	0.911988
6.737748	0.912104
6.739128	0.912221
6.740508	0.912339
6.741888	0.912456
6.743269	0.912575
6.744649	0.912693
6.746029	0.912812
6.747409	0.912932
6.748790	0.913052
6.750170	0.913172
6.751550	0.913292
6.752931	0.913413
6.754311	0.913535
6.755691	0.913657
6.757071	0.913779
6.758452	0.913901
6.759832	0.914024
6.761212	0.914148
6.762593	0.914271
6.763973	0.914395
6.765353	0.91452
6.766733	0.914645
6.768114	0.91477
6.769494	0.914896
6.770874	0.915021
6.772254	0.915148
6.773635	0.915274
6.775015	0.915401
6.776395	0.915529
6.777776	0.915657
6.779156	0.915785
6.780536	0.915913
6.781916	0.916042
6.783297	0.916171
6.784677	0.916301
6.786057	0.91643
6.787437	0.91656
6.788818	0.916691
6.790198	0.916822
6.791578	0.916953
6.792959	0.917084
6.794339	0.917216
6.795719	0.917348
6.797099	0.917481
6.798480	0.917613
6.799860	0.917746
6.801240	0.91788
6.802621	0.918013
6.804001	0.918147
6.805381	0.918282
6.806761	0.918416
6.808142	0.918551
6.809522	0.918686
6.810902	0.918822
6.812282	0.918958
6.813663	0.919094
6.815043	0.91923
6.816423	0.919366
6.817804	0.919503
6.819184	0.91964
6.820564	0.919778
6.821944	0.919916
6.823325	0.920054
6.824705	0.920192
6.826085	0.92033
6.827465	0.920469
6.828846	0.920608
6.830226	0.920747
6.831606	0.920887
6.832987	0.921026
6.834367	0.921166
6.835747	0.921307
6.837127	0.921447
6.838508	0.921588
6.839888	0.921729
6.841268	0.92187
6.842649	0.922011
6.844029	0.922153
6.845409	0.922295
6.846789	0.922437
6.848170	0.922579
6.849550	0.922721
6.850930	0.922864
6.852310	0.923007
6.853691	0.92315
6.855071	0.923293
6.856451	0.923437
6.857832	0.92358
6.859212	0.923724
6.860592	0.923868
6.861972	0.924013
6.863353	0.924157
6.864733	0.924302
6.866113	0.924446
6.867493	0.924591
6.868874	0.924736
6.870254	0.924882
6.871634	0.925027
6.873015	0.925173
6.874395	0.925319
6.875775	0.925464
6.877155	0.92561
6.878536	0.925757
6.879916	0.925903
6.881296	0.92605
6.882677	0.926196
6.884057	0.926343
6.885437	0.92649
6.886817	0.926637
6.888198	0.926784
6.889578	0.926931
6.890958	0.927079
6.892338	0.927226
6.893719	0.927374
6.895099	0.927522
6.896479	0.927669
6.897860	0.927817
6.899240	0.927965
6.900620	0.928113
6.902000	0.928262
6.903381	0.92841
6.904761	0.928558
6.906141	0.928707
6.907522	0.928855
6.908902	0.929004
6.910282	0.929153
6.911662	0.929302
6.913043	0.92945
6.914423	0.929599
6.915803	0.929748
6.917183	0.929897
6.918564	0.930046
6.919944	0.930195
6.921324	0.930345
6.922705	0.930494
6.924085	0.930643
6.925465	0.930792
6.926845	0.930942
6.928226	0.931091
6.929606	0.931241
6.930986	0.93139
6.932366	0.931539
6.933747	0.931689
6.935127	0.931838
6.936507	0.931988
6.937888	0.932137
6.939268	0.932287
6.940648	0.932436
6.942028	0.932586
6.943409	0.932735
6.944789	0.932885
6.946169	0.933034
6.947550	0.933184
6.948930	0.933333
6.950310	0.933482
6.951690	0.933632
6.953071	0.933781
6.954451	0.93393
6.955831	0.93408
6.957211	0.934229
6.958592	0.934378
6.959972	0.934527
6.961352	0.934676
6.962733	0.934825
6.964113	0.934974
6.965493	0.935123
6.966873	0.935272
6.968254	0.935421
6.969634	0.935569
6.971014	0.935718
6.972394	0.935867
6.973775	0.936015
6.975155	0.936163
6.976535	0.936312
6.977916	0.93646
6.979296	0.936608
6.980676	0.936756
6.982056	0.936904
6.983437	0.937052
6.984817	0.937199
6.986197	0.937347
6.987578	0.937495
6.988958	0.937642
6.990338	0.937789
6.991718	0.937936
6.993099	0.938083
6.994479	0.93823
6.995859	0.938377
6.997239	0.938523
6.998620	0.93867
7.000000	0.938816
